1	100	9
1	1	10
1	11	4
1	12	6
1	13	6
1	14	9
1	15	8
1	16	3
1	17	2
1	18	5
1	19	6
1	20	7
1	21	9
1	22	5
1	23	5
1	24	7
1	2	5
1	25	7
1	26	8
1	27	10
1	28	6
1	29	9
1	31	9
1	32	8
1	33	2
1	3	4
1	34	9
1	35	6
1	36	2
1	37	10
1	38	10
1	39	6
1	40	2
1	4	1
1	41	5
1	42	6
1	43	2
1	45	10
1	46	2
1	47	3
1	48	4
1	49	4
1	50	10
1	51	6
1	52	2
1	53	10
1	5	5
1	55	8
1	56	8
1	57	9
1	58	7
1	59	3
1	61	3
1	62	7
1	63	8
1	64	4
1	6	8
1	68	10
1	69	5
1	70	5
1	71	4
1	7	2
1	72	3
1	73	7
1	75	9
1	76	3
1	78	8
1	79	5
1	80	2
1	81	7
1	82	7
1	8	3
1	83	5
1	84	1
1	85	10
1	88	2
1	90	7
1	91	2
1	9	2
1	93	8
1	94	2
1	95	4
1	96	9
1	97	7
1	98	4
1	99	7
2	100	5
2	10	1
2	11	9
2	12	10
2	13	4
2	15	4
2	17	8
2	19	6
2	20	5
2	2	1
2	21	4
2	23	7
2	25	8
2	26	3
2	27	4
2	28	2
2	29	4
2	30	7
2	31	1
2	32	1
2	33	9
2	3	4
2	34	10
2	37	9
2	38	1
2	39	1
2	40	4
2	41	8
2	42	9
2	43	9
2	44	4
2	4	6
2	46	9
2	47	10
2	48	6
2	49	10
2	50	4
2	51	4
2	52	6
2	53	7
2	54	2
2	55	5
2	56	5
2	57	6
2	58	2
2	59	8
2	60	4
2	61	3
2	6	2
2	63	7
2	64	10
2	65	8
2	67	9
2	69	6
2	70	2
2	7	1
2	71	9
2	73	4
2	74	4
2	75	4
2	76	4
2	78	8
2	82	8
2	83	4
2	84	9
2	85	4
2	86	10
2	87	4
2	88	5
2	89	10
2	90	9
2	91	2
2	92	5
2	94	1
2	95	10
2	96	8
2	97	9
2	98	2
2	99	10
3	100	5
3	10	9
3	11	2
3	13	6
3	14	4
3	16	7
3	1	8
3	19	9
3	20	3
3	21	6
3	22	5
3	23	7
3	24	4
3	2	5
3	25	7
3	26	10
3	28	2
3	29	2
3	30	9
3	31	9
3	32	8
3	3	3
3	33	3
3	34	6
3	35	10
3	36	5
3	37	4
3	40	9
3	41	1
3	43	1
3	44	6
3	45	7
3	46	10
3	47	8
3	48	7
3	49	7
3	50	3
3	51	7
3	52	9
3	53	7
3	54	4
3	55	1
3	57	8
3	59	8
3	60	10
3	61	10
3	6	4
3	64	8
3	65	2
3	66	1
3	67	6
3	68	8
3	69	3
3	70	7
3	71	7
3	7	2
3	73	1
3	74	5
3	75	7
3	76	10
3	77	3
3	78	9
3	79	1
3	80	6
3	81	5
3	82	10
3	84	9
3	85	6
3	8	6
3	86	5
3	87	3
3	88	1
3	89	3
3	90	10
3	91	8
3	92	5
3	9	3
3	93	4
3	94	10
3	95	2
3	97	9
3	98	7
3	99	1
4	10	9
4	11	2
4	12	8
4	13	9
4	14	8
4	15	1
4	18	4
4	1	9
4	19	7
4	20	3
4	21	7
4	22	1
4	2	5
4	25	6
4	26	9
4	27	10
4	28	8
4	29	8
4	30	3
4	31	6
4	32	2
4	33	4
4	34	6
4	35	2
4	3	6
4	36	2
4	37	3
4	38	10
4	39	1
4	40	2
4	41	10
4	42	6
4	43	10
4	44	5
4	45	1
4	46	10
4	47	7
4	48	6
4	50	10
4	51	2
4	52	2
4	53	5
4	54	5
4	55	6
4	5	6
4	56	3
4	58	1
4	60	7
4	61	3
4	62	2
4	63	1
4	64	5
4	66	5
4	6	8
4	68	10
4	70	6
4	71	6
4	7	2
4	74	5
4	75	7
4	77	7
4	78	8
4	79	8
4	80	1
4	81	5
4	83	8
4	84	1
4	85	6
4	8	6
4	86	10
4	87	7
4	89	6
4	90	10
4	91	3
4	92	9
4	9	3
4	93	8
4	94	3
4	96	2
4	97	5
4	98	7
4	99	9
5	100	6
5	12	6
5	16	3
5	17	3
5	18	1
5	1	9
5	19	10
5	20	7
5	21	4
5	2	3
5	23	4
5	24	6
5	25	6
5	26	9
5	27	4
5	28	10
5	29	8
5	30	4
5	31	4
5	32	10
5	33	8
5	34	2
5	35	4
5	36	7
5	3	8
5	38	4
5	39	8
5	40	9
5	4	10
5	41	8
5	42	6
5	44	7
5	46	10
5	47	6
5	48	8
5	50	9
5	51	5
5	55	5
5	5	6
5	58	4
5	59	6
5	60	7
5	61	4
5	6	2
5	62	7
5	63	6
5	64	1
5	65	6
5	66	10
5	67	1
5	68	3
5	69	1
5	70	10
5	72	3
5	73	9
5	74	5
5	76	9
5	77	1
5	78	2
5	79	5
5	8	3
5	84	3
5	85	2
5	86	6
5	88	8
5	89	2
5	90	3
5	91	6
5	92	4
5	93	6
5	94	2
5	95	10
5	96	1
5	97	6
6	100	6
6	10	2
6	11	2
6	13	5
6	14	1
6	15	3
6	1	6
6	16	2
6	18	4
6	19	6
6	20	7
6	21	2
6	2	2
6	22	6
6	23	10
6	24	4
6	25	1
6	26	6
6	27	3
6	28	3
6	29	2
6	30	1
6	33	6
6	34	4
6	35	1
6	37	3
6	38	7
6	39	8
6	41	4
6	42	2
6	45	10
6	46	1
6	47	5
6	4	8
6	48	10
6	49	10
6	51	2
6	52	6
6	5	3
6	53	9
6	54	1
6	55	6
6	56	3
6	57	5
6	58	2
6	59	6
6	60	4
6	62	9
6	63	10
6	64	4
6	6	5
6	65	6
6	67	2
6	68	4
6	69	3
6	70	1
6	71	8
6	72	10
6	73	2
6	74	8
6	75	2
6	76	6
6	78	9
6	79	4
6	80	5
6	81	1
6	82	2
6	83	2
6	84	4
6	85	4
6	87	3
6	88	2
6	90	6
6	91	7
6	92	3
6	93	2
6	94	8
6	96	3
6	97	1
6	99	4
7	100	7
7	10	9
7	11	10
7	12	2
7	13	1
7	14	6
7	15	6
7	1	6
7	18	3
7	21	4
7	22	5
7	23	10
7	25	8
7	26	1
7	27	6
7	28	1
7	30	7
7	31	3
7	32	7
7	33	5
7	3	4
7	34	4
7	37	2
7	38	9
7	39	3
7	40	1
7	41	8
7	4	2
7	42	3
7	43	9
7	44	5
7	45	3
7	46	4
7	47	10
7	48	1
7	49	7
7	50	2
7	51	4
7	53	3
7	55	7
7	56	4
7	57	8
7	58	5
7	5	9
7	59	3
7	60	5
7	61	1
7	62	4
7	63	8
7	6	4
7	64	3
7	65	9
7	66	6
7	67	6
7	68	6
7	71	8
7	7	2
7	72	5
7	73	1
7	74	10
7	75	2
7	76	2
7	77	9
7	78	6
7	79	4
7	80	8
7	8	1
7	85	5
7	86	8
7	87	10
7	88	3
7	89	1
7	90	4
7	93	5
7	94	1
7	95	1
7	96	2
7	97	8
7	9	8
7	98	3
7	99	5
8	100	7
8	10	8
8	11	8
8	12	7
8	13	2
8	14	2
8	1	5
8	15	4
8	16	7
8	17	1
8	22	7
8	23	5
8	24	5
8	25	7
8	26	6
8	28	5
8	2	9
8	29	7
8	31	2
8	32	7
8	33	2
8	34	5
8	36	4
8	37	5
8	38	10
8	39	10
8	40	4
8	41	3
8	42	6
8	43	7
8	4	7
8	47	5
8	48	10
8	49	8
8	50	6
8	51	4
8	5	2
8	52	7
8	53	9
8	54	4
8	56	9
8	57	2
8	58	6
8	59	5
8	60	7
8	6	10
8	61	2
8	62	4
8	63	4
8	64	9
8	65	6
8	66	3
8	70	7
8	71	1
8	72	8
8	75	8
8	7	6
8	76	7
8	77	9
8	78	8
8	79	7
8	8	10
8	81	10
8	82	9
8	84	10
8	85	4
8	86	4
8	87	8
8	88	1
8	89	10
8	90	7
8	91	9
8	92	2
8	93	3
8	94	4
8	95	5
8	96	3
8	97	5
8	98	5
9	11	4
9	12	5
9	14	6
9	15	2
9	16	7
9	17	3
9	18	10
9	19	9
9	20	1
9	21	7
9	22	4
9	23	9
9	24	9
9	25	7
9	26	8
9	27	10
9	28	1
9	29	7
9	30	6
9	31	9
9	32	1
9	33	3
9	36	8
9	37	3
9	38	9
9	3	9
9	39	1
9	40	3
9	4	10
9	41	2
9	42	5
9	43	1
9	44	6
9	45	5
9	47	1
9	48	9
9	49	7
9	50	4
9	51	1
9	53	9
9	5	4
9	55	10
9	56	2
9	57	4
9	58	10
9	60	8
9	6	1
9	63	7
9	66	2
9	67	1
9	68	1
9	69	10
9	71	5
9	7	2
9	73	2
9	74	5
9	75	3
9	77	7
9	78	6
9	79	3
9	81	9
9	8	3
9	83	1
9	86	7
9	87	1
9	88	8
9	89	6
9	90	8
9	91	1
9	93	9
9	9	5
9	96	8
9	97	9
9	98	8
10	100	7
10	11	6
10	12	1
10	1	3
10	13	3
10	14	5
10	16	4
10	17	10
10	19	5
10	21	4
10	22	10
10	23	10
10	2	4
10	24	6
10	25	2
10	26	4
10	27	8
10	28	5
10	29	5
10	30	6
10	31	10
10	32	10
10	3	3
10	33	4
10	36	1
10	38	5
10	39	9
10	40	10
10	4	1
10	41	6
10	42	5
10	43	3
10	45	7
10	46	8
10	47	7
10	48	6
10	49	7
10	50	1
10	5	10
10	51	4
10	52	7
10	53	5
10	54	5
10	56	3
10	57	1
10	59	10
10	61	8
10	62	9
10	63	9
10	64	7
10	65	3
10	66	8
10	68	6
10	6	9
10	69	10
10	70	4
10	7	10
10	71	5
10	72	10
10	73	4
10	74	7
10	75	1
10	76	2
10	77	10
10	78	4
10	79	5
10	80	1
10	81	8
10	82	8
10	83	1
10	84	7
10	87	9
10	8	8
10	88	2
10	89	4
10	90	2
10	91	4
10	92	9
10	93	5
10	9	4
10	94	2
10	95	7
10	97	2
10	98	9
10	99	9
11	100	2
11	10	10
11	11	7
11	12	3
11	14	9
11	16	6
11	1	7
11	18	7
11	19	2
11	20	4
11	21	4
11	23	10
11	25	5
11	2	7
11	28	4
11	29	9
11	31	10
11	33	2
11	34	7
11	35	9
11	36	1
11	37	9
11	38	6
11	39	9
11	40	10
11	41	9
11	42	4
11	43	3
11	44	9
11	4	5
11	45	2
11	47	3
11	49	10
11	51	3
11	54	10
11	55	5
11	5	6
11	56	5
11	57	6
11	59	6
11	60	4
11	61	4
11	62	10
11	6	3
11	63	10
11	67	9
11	68	1
11	72	3
11	73	2
11	74	4
11	75	10
11	76	1
11	78	1
11	7	9
11	79	6
11	80	10
11	81	3
11	83	10
11	84	3
11	86	9
11	89	1
11	90	3
11	91	10
11	92	8
11	93	9
11	95	1
11	97	7
11	9	9
11	99	1
12	10	10
12	11	8
12	13	4
12	14	1
12	15	1
12	16	3
12	17	6
12	18	10
12	20	10
12	22	5
12	23	3
12	24	4
12	26	3
12	2	7
12	27	8
12	28	9
12	30	3
12	32	7
12	33	7
12	34	5
12	35	1
12	36	10
12	37	10
12	3	8
12	38	4
12	39	4
12	40	5
12	41	9
12	42	7
12	43	3
12	45	10
12	4	6
12	46	2
12	47	7
12	48	10
12	49	5
12	51	7
12	52	1
12	5	3
12	53	3
12	54	5
12	55	4
12	57	10
12	58	6
12	59	4
12	61	1
12	6	2
12	62	9
12	64	3
12	65	3
12	66	8
12	67	8
12	68	6
12	69	10
12	70	9
12	71	7
12	73	8
12	74	7
12	75	6
12	7	8
12	79	8
12	80	1
12	8	10
12	81	7
12	83	4
12	84	2
12	85	2
12	87	10
12	88	7
12	89	1
12	91	4
12	92	3
12	93	5
12	94	10
12	9	5
12	96	10
12	98	7
12	99	10
13	100	6
13	10	7
13	11	8
13	13	9
13	14	9
13	15	5
13	18	1
13	19	9
13	20	3
13	23	2
13	2	5
13	26	7
13	27	4
13	28	3
13	29	3
13	30	4
13	31	1
13	32	5
13	33	5
13	34	2
13	35	9
13	36	10
13	3	7
13	37	10
13	38	5
13	40	3
13	41	1
13	42	5
13	43	5
13	45	10
13	46	8
13	4	7
13	47	6
13	48	6
13	49	2
13	50	2
13	51	2
13	52	9
13	53	4
13	54	2
13	56	10
13	5	7
13	57	7
13	58	2
13	59	3
13	60	4
13	61	7
13	62	3
13	63	1
13	65	7
13	66	7
13	6	7
13	68	4
13	69	4
13	70	7
13	7	1
13	71	2
13	72	10
13	73	3
13	74	9
13	76	8
13	77	6
13	78	9
13	79	7
13	80	9
13	81	5
13	8	2
13	82	3
13	83	10
13	84	9
13	85	8
13	86	5
13	87	6
13	88	10
13	89	1
13	90	10
13	91	10
13	92	5
13	93	6
13	94	9
13	95	1
13	96	6
13	97	5
13	9	8
13	98	2
14	10	1
14	11	5
14	13	4
14	14	5
14	15	5
14	16	3
14	18	7
14	20	6
14	21	7
14	22	5
14	23	6
14	25	1
14	26	6
14	2	7
14	27	3
14	28	1
14	29	10
14	31	8
14	32	5
14	33	4
14	34	6
14	35	5
14	37	1
14	39	1
14	40	3
14	41	10
14	4	3
14	43	4
14	45	6
14	46	2
14	47	9
14	48	10
14	49	6
14	50	4
14	51	10
14	52	8
14	53	5
14	5	4
14	56	7
14	58	7
14	59	5
14	60	1
14	6	1
14	61	9
14	63	5
14	64	5
14	65	10
14	66	10
14	67	5
14	68	5
14	69	1
14	70	3
14	71	6
14	73	9
14	74	3
14	76	3
14	77	2
14	7	8
14	79	2
14	80	1
14	82	5
14	8	3
14	83	9
14	84	9
14	86	9
14	87	9
14	88	2
14	89	6
14	90	5
14	9	2
14	93	1
14	94	5
14	96	7
14	98	10
14	99	9
15	100	10
15	10	6
15	11	10
15	12	3
15	13	10
15	14	3
15	1	5
15	15	10
15	16	8
15	18	10
15	19	7
15	20	8
15	2	1
15	21	8
15	22	8
15	23	2
15	24	4
15	25	10
15	26	2
15	27	3
15	29	10
15	30	2
15	31	2
15	32	8
15	35	9
15	36	4
15	38	5
15	39	1
15	40	9
15	4	1
15	41	5
15	42	8
15	43	1
15	44	5
15	45	3
15	46	1
15	48	2
15	49	9
15	50	9
15	51	8
15	52	9
15	53	9
15	54	2
15	55	4
15	56	7
15	5	7
15	57	6
15	58	7
15	59	6
15	60	9
15	61	3
15	62	8
15	63	6
15	65	7
15	66	8
15	67	10
15	68	5
15	69	10
15	70	9
15	7	10
15	71	1
15	72	5
15	74	1
15	76	7
15	78	3
15	79	8
15	8	1
15	81	2
15	82	7
15	83	7
15	85	9
15	87	10
15	88	10
15	89	3
15	90	9
15	91	8
15	93	4
15	9	6
15	96	4
15	97	6
15	98	4
16	100	5
16	10	7
16	1	2
16	12	5
16	13	1
16	14	2
16	15	2
16	16	5
16	17	6
16	19	3
16	20	3
16	2	10
16	21	10
16	22	10
16	23	5
16	24	8
16	25	7
16	26	1
16	27	6
16	28	9
16	30	3
16	31	6
16	33	5
16	34	5
16	3	5
16	35	9
16	36	3
16	37	2
16	38	5
16	39	4
16	41	4
16	43	9
16	45	2
16	46	8
16	4	7
16	47	10
16	48	6
16	49	6
16	50	3
16	54	8
16	55	10
16	56	5
16	57	2
16	58	9
16	60	9
16	61	2
16	63	6
16	64	10
16	65	1
16	66	4
16	67	5
16	69	1
16	72	6
16	73	1
16	74	10
16	75	8
16	76	2
16	77	9
16	78	3
16	79	10
16	80	9
16	81	2
16	83	8
16	84	8
16	8	5
16	85	2
16	86	2
16	88	9
16	89	8
16	90	5
16	9	10
16	91	10
16	92	9
16	94	1
16	95	1
16	96	4
16	97	7
16	98	6
16	99	5
17	100	4
17	1	2
17	12	1
17	13	8
17	14	9
17	15	2
17	16	5
17	17	2
17	20	7
17	21	9
17	22	10
17	23	4
17	24	10
17	25	8
17	27	5
17	29	2
17	30	6
17	31	7
17	32	9
17	3	3
17	33	9
17	34	7
17	35	3
17	38	6
17	39	10
17	40	9
17	42	1
17	43	7
17	44	2
17	45	8
17	46	10
17	4	7
17	47	5
17	48	6
17	49	7
17	51	2
17	52	1
17	53	5
17	54	10
17	56	5
17	5	7
17	57	6
17	58	9
17	59	8
17	60	2
17	61	8
17	62	3
17	6	4
17	64	4
17	65	2
17	66	7
17	67	9
17	69	10
17	70	6
17	71	5
17	72	1
17	73	4
17	74	2
17	7	6
17	76	10
17	78	3
17	79	1
17	80	8
17	81	9
17	8	2
17	82	10
17	83	2
17	84	4
17	85	5
17	86	5
17	87	4
17	88	1
17	89	3
17	9	1
17	92	1
17	93	1
17	94	6
17	95	5
17	96	9
17	98	4
17	99	9
18	100	5
18	10	8
18	11	1
18	12	5
18	13	3
18	14	9
18	15	3
18	16	4
18	18	3
18	20	9
18	22	5
18	23	9
18	27	8
18	28	3
18	29	10
18	30	2
18	31	7
18	32	2
18	33	1
18	34	6
18	35	7
18	36	9
18	3	7
18	37	6
18	39	8
18	40	3
18	41	5
18	4	2
18	42	8
18	43	7
18	45	2
18	46	1
18	48	7
18	49	8
18	51	6
18	52	5
18	54	4
18	56	10
18	5	7
18	57	5
18	58	2
18	60	9
18	6	10
18	63	4
18	64	8
18	66	9
18	68	10
18	70	1
18	71	4
18	7	2
18	73	6
18	74	9
18	75	6
18	76	4
18	77	9
18	78	4
18	80	9
18	82	4
18	83	3
18	84	8
18	85	4
18	8	6
18	86	9
18	87	4
18	88	9
18	89	6
18	90	2
18	91	10
18	92	10
18	93	4
18	9	4
18	94	6
18	96	8
18	97	4
18	98	4
18	99	5
19	100	4
19	10	9
19	11	10
19	12	6
19	13	8
19	14	8
19	16	7
19	1	7
19	17	6
19	18	1
19	19	3
19	2	1
19	21	9
19	22	6
19	23	5
19	24	10
19	25	7
19	26	4
19	28	3
19	29	9
19	30	10
19	32	4
19	3	3
19	33	1
19	35	1
19	36	1
19	38	4
19	39	1
19	4	10
19	41	8
19	43	8
19	44	10
19	45	2
19	46	3
19	47	8
19	48	10
19	49	10
19	50	9
19	52	1
19	53	3
19	54	2
19	5	5
19	56	8
19	57	1
19	58	10
19	59	1
19	60	5
19	61	2
19	62	7
19	63	10
19	64	5
19	65	3
19	66	5
19	6	7
19	67	8
19	68	5
19	69	9
19	70	10
19	7	1
19	72	9
19	73	3
19	74	10
19	75	7
19	76	6
19	77	7
19	79	2
19	80	3
19	81	7
19	84	6
19	85	1
19	8	6
19	86	7
19	87	4
19	88	9
19	89	6
19	91	8
19	92	1
19	9	3
19	93	3
19	94	2
19	95	9
19	96	4
19	98	6
19	99	2
20	100	4
20	10	4
20	11	6
20	12	8
20	13	2
20	15	7
20	18	4
20	1	9
20	19	2
20	20	1
20	21	4
20	2	2
20	24	7
20	25	3
20	26	2
20	27	3
20	29	9
20	30	5
20	3	1
20	32	9
20	33	6
20	34	2
20	35	9
20	36	6
20	37	5
20	40	10
20	41	1
20	42	6
20	43	6
20	44	2
20	45	8
20	46	9
20	48	10
20	49	3
20	50	4
20	5	1
20	52	3
20	53	4
20	54	3
20	57	2
20	58	7
20	59	9
20	60	7
20	61	1
20	6	3
20	63	6
20	65	9
20	66	10
20	67	7
20	68	2
20	70	9
20	7	2
20	72	1
20	73	4
20	74	9
20	75	3
20	76	1
20	77	9
20	78	1
20	79	2
20	80	7
20	81	8
20	83	4
20	84	3
20	8	5
20	85	10
20	87	3
20	88	1
20	89	6
20	90	6
20	91	2
20	93	5
20	94	3
20	95	2
20	97	6
20	98	10
21	100	2
21	10	4
21	1	10
21	12	2
21	13	8
21	14	10
21	17	6
21	18	10
21	19	9
21	22	8
21	23	10
21	24	2
21	25	5
21	28	9
21	29	2
21	31	1
21	3	3
21	33	10
21	36	6
21	38	8
21	39	8
21	40	7
21	42	4
21	44	7
21	45	6
21	4	6
21	46	7
21	47	5
21	48	8
21	51	9
21	5	2
21	52	2
21	53	3
21	54	5
21	55	4
21	56	1
21	57	4
21	58	4
21	59	3
21	60	2
21	6	10
21	61	3
21	63	9
21	64	2
21	65	10
21	66	5
21	69	8
21	70	8
21	71	5
21	72	7
21	74	10
21	75	1
21	76	3
21	77	3
21	79	1
21	80	10
21	81	4
21	83	1
21	84	10
21	86	10
21	88	8
21	8	9
21	89	7
21	90	7
21	91	10
21	92	3
21	93	7
21	94	9
21	9	5
21	95	5
21	96	10
21	98	5
21	99	1
22	100	8
22	11	5
22	12	9
22	14	7
22	15	10
22	16	6
22	17	3
22	18	8
22	19	5
22	20	6
22	21	4
22	22	9
22	23	9
22	24	5
22	26	9
22	27	3
22	28	7
22	29	5
22	30	5
22	31	10
22	32	1
22	33	6
22	34	1
22	35	2
22	3	6
22	37	8
22	38	2
22	39	8
22	43	3
22	4	5
22	45	8
22	46	6
22	47	3
22	48	3
22	49	10
22	50	4
22	51	1
22	52	4
22	53	8
22	54	1
22	55	7
22	5	6
22	56	2
22	57	10
22	58	10
22	60	6
22	61	3
22	6	2
22	62	8
22	63	5
22	64	8
22	65	4
22	66	1
22	67	3
22	68	9
22	69	1
22	70	8
22	72	2
22	74	8
22	75	9
22	7	6
22	77	4
22	78	8
22	81	5
22	82	9
22	83	2
22	8	4
22	84	1
22	85	8
22	86	6
22	87	6
22	88	3
22	89	2
22	90	1
22	91	4
22	92	3
22	9	3
22	93	3
22	94	10
22	97	5
22	98	1
22	99	6
23	10	7
23	11	7
23	12	6
23	15	8
23	16	8
23	17	3
23	18	6
23	19	7
23	20	6
23	21	9
23	23	10
23	24	3
23	25	7
23	26	6
23	27	9
23	28	1
23	29	4
23	30	4
23	31	8
23	35	5
23	3	6
23	36	10
23	37	8
23	38	3
23	39	2
23	40	8
23	4	1
23	41	3
23	42	10
23	44	1
23	45	4
23	47	3
23	48	7
23	49	8
23	50	1
23	51	7
23	52	4
23	53	2
23	55	5
23	56	9
23	57	10
23	5	8
23	59	6
23	60	8
23	61	1
23	62	3
23	63	8
23	64	8
23	65	1
23	66	8
23	67	1
23	6	8
23	68	7
23	69	6
23	70	7
23	71	10
23	72	7
23	73	4
23	74	5
23	75	9
23	76	1
23	7	7
23	77	9
23	78	4
23	79	10
23	80	7
23	81	6
23	82	3
23	83	10
23	84	7
23	8	5
23	85	5
23	86	5
23	88	7
23	89	2
23	90	1
23	91	7
23	92	2
23	93	8
23	94	2
23	95	6
23	96	9
23	97	8
23	98	2
23	99	7
24	100	5
24	10	3
24	11	2
24	12	2
24	1	3
24	13	9
24	14	3
24	15	9
24	16	7
24	17	6
24	18	2
24	20	10
24	21	1
24	22	3
24	2	3
24	23	4
24	24	7
24	26	10
24	28	2
24	29	3
24	30	2
24	31	6
24	32	5
24	33	6
24	35	1
24	3	6
24	36	10
24	37	2
24	38	10
24	39	2
24	41	7
24	42	7
24	44	10
24	45	1
24	46	3
24	47	8
24	48	2
24	49	4
24	50	5
24	51	4
24	52	10
24	54	8
24	55	9
24	56	10
24	57	10
24	58	2
24	60	3
24	6	1
24	62	7
24	63	2
24	65	3
24	66	6
24	67	5
24	69	3
24	7	1
24	72	5
24	73	5
24	74	10
24	75	4
24	76	6
24	78	2
24	79	2
24	80	1
24	81	8
24	82	5
24	83	6
24	84	2
24	85	1
24	86	3
24	8	7
24	88	7
24	89	2
24	90	5
24	91	4
24	92	8
24	93	8
24	95	1
24	96	2
24	97	5
24	9	9
24	99	2
25	10	4
25	11	6
25	12	6
25	13	6
25	1	4
25	14	4
25	15	8
25	16	1
25	17	6
25	18	7
25	19	2
25	21	1
25	22	3
25	23	6
25	24	7
25	2	5
25	26	4
25	28	7
25	29	9
25	30	7
25	3	1
25	31	5
25	32	7
25	33	6
25	36	3
25	37	8
25	38	2
25	39	8
25	40	4
25	41	2
25	42	10
25	43	1
25	4	4
25	44	1
25	45	5
25	46	10
25	47	3
25	48	8
25	50	9
25	5	10
25	51	10
25	52	5
25	53	9
25	54	6
25	55	9
25	56	4
25	57	4
25	58	9
25	60	9
25	61	10
25	64	3
25	65	4
25	6	6
25	67	3
25	68	10
25	69	10
25	70	2
25	7	10
25	72	1
25	73	4
25	76	9
25	77	7
25	78	3
25	79	9
25	80	1
25	81	3
25	84	3
25	85	6
25	86	4
25	8	9
25	89	7
25	90	3
25	92	2
25	9	3
25	94	4
25	95	7
25	96	10
25	97	2
25	98	4
25	99	4
26	100	9
26	10	5
26	11	5
26	12	9
26	13	6
26	14	4
26	1	5
26	15	4
26	17	8
26	18	7
26	19	8
26	20	8
26	21	8
26	22	7
26	23	3
26	24	5
26	26	9
26	27	5
26	2	8
26	28	6
26	29	7
26	30	2
26	31	3
26	32	4
26	33	4
26	35	10
26	36	10
26	37	3
26	38	6
26	39	4
26	40	10
26	41	1
26	43	5
26	44	1
26	45	5
26	46	1
26	47	3
26	4	8
26	49	9
26	51	6
26	52	1
26	53	5
26	54	8
26	55	4
26	5	6
26	56	5
26	57	3
26	58	10
26	59	7
26	60	10
26	61	7
26	62	2
26	63	3
26	64	5
26	6	5
26	65	8
26	66	2
26	67	4
26	69	7
26	71	3
26	72	3
26	73	2
26	7	4
26	74	2
26	76	1
26	77	3
26	78	8
26	79	1
26	80	7
26	81	6
26	82	3
26	83	10
26	84	2
26	85	3
26	86	2
26	87	3
26	88	10
26	90	7
26	91	9
26	92	2
26	93	3
26	94	5
26	95	10
26	9	7
26	97	6
26	98	4
26	99	5
27	100	6
27	10	8
27	12	10
27	13	3
27	14	9
27	16	10
27	18	8
27	19	1
27	20	10
27	2	10
27	22	9
27	23	1
27	24	7
27	26	9
27	27	6
27	28	7
27	30	6
27	31	5
27	3	3
27	33	2
27	34	3
27	35	6
27	36	10
27	37	10
27	38	6
27	39	10
27	40	9
27	4	1
27	42	3
27	43	7
27	44	7
27	45	3
27	47	4
27	48	5
27	49	3
27	50	1
27	52	3
27	53	7
27	55	2
27	56	9
27	57	10
27	58	2
27	5	9
27	59	10
27	61	1
27	62	2
27	6	3
27	64	10
27	65	2
27	66	2
27	67	10
27	68	10
27	69	5
27	70	6
27	71	8
27	72	10
27	7	3
27	73	4
27	74	5
27	75	10
27	76	10
27	77	6
27	78	7
27	79	6
27	80	7
27	81	9
27	83	1
27	84	6
27	85	5
27	86	4
27	87	6
27	8	8
27	88	7
27	89	6
27	92	4
27	93	1
27	95	1
27	9	6
27	96	7
27	97	2
27	98	9
27	99	7
28	100	10
28	10	3
28	1	1
28	11	2
28	12	8
28	13	6
28	14	8
28	15	6
28	16	5
28	18	7
28	20	9
28	21	10
28	2	2
28	22	5
28	24	10
28	25	6
28	26	10
28	27	3
28	29	9
28	30	5
28	31	10
28	32	3
28	33	9
28	35	2
28	36	7
28	37	9
28	3	8
28	38	10
28	39	1
28	40	6
28	41	6
28	42	10
28	43	3
28	46	1
28	4	7
28	47	7
28	48	2
28	49	8
28	51	2
28	52	5
28	54	10
28	55	10
28	57	5
28	5	8
28	58	9
28	60	1
28	61	1
28	62	4
28	63	5
28	65	5
28	66	6
28	67	9
28	68	8
28	69	3
28	70	9
28	71	1
28	73	9
28	7	4
28	74	5
28	76	8
28	77	1
28	78	5
28	80	1
28	81	1
28	82	1
28	84	1
28	87	3
28	8	8
28	88	4
28	89	10
28	90	9
28	9	1
28	91	6
28	92	5
28	93	5
28	94	4
28	95	2
28	96	6
28	97	9
28	98	10
28	99	1
29	100	6
29	13	5
29	14	4
29	16	8
29	17	9
29	18	6
29	19	9
29	20	10
29	21	8
29	22	7
29	23	1
29	24	4
29	2	5
29	25	2
29	26	1
29	29	9
29	30	6
29	32	4
29	3	3
29	33	9
29	34	2
29	35	9
29	36	5
29	37	8
29	40	6
29	41	8
29	42	2
29	4	3
29	43	5
29	44	10
29	46	8
29	47	9
29	48	7
29	49	7
29	50	10
29	51	3
29	55	10
29	56	5
29	58	6
29	59	3
29	6	10
29	61	1
29	63	2
29	64	8
29	65	5
29	66	1
29	67	3
29	68	6
29	69	9
29	70	4
29	71	3
29	72	9
29	73	8
29	74	10
29	75	3
29	76	10
29	7	7
29	77	9
29	79	4
29	81	8
29	82	3
29	83	2
29	84	5
29	85	1
29	86	9
29	87	1
29	8	8
29	88	3
29	89	10
29	91	3
29	92	1
29	93	6
29	94	7
29	95	5
29	9	7
29	97	5
30	100	2
30	10	10
30	12	5
30	13	3
30	14	5
30	15	2
30	1	6
30	16	6
30	17	1
30	18	3
30	19	7
30	20	7
30	21	8
30	22	9
30	23	7
30	25	8
30	26	9
30	2	8
30	29	8
30	30	5
30	31	1
30	33	7
30	34	7
30	3	5
30	35	1
30	36	6
30	37	8
30	38	7
30	39	8
30	40	7
30	42	2
30	43	7
30	44	8
30	4	6
30	46	1
30	47	7
30	48	1
30	49	1
30	50	6
30	51	2
30	52	10
30	53	7
30	54	2
30	56	5
30	57	8
30	58	10
30	59	7
30	6	10
30	61	5
30	62	9
30	63	10
30	64	5
30	65	5
30	66	9
30	67	6
30	68	8
30	69	4
30	70	3
30	7	10
30	71	3
30	73	1
30	74	1
30	75	2
30	76	4
30	77	1
30	79	10
30	80	6
30	81	6
30	82	2
30	83	3
30	84	3
30	85	7
30	8	6
30	86	1
30	87	6
30	88	3
30	89	6
30	90	7
30	91	6
30	9	2
30	92	5
30	93	9
30	94	5
30	95	9
30	96	6
30	97	10
30	98	7
30	99	10
31	100	8
31	10	5
31	12	10
31	13	4
31	14	7
31	15	2
31	16	8
31	18	8
31	19	7
31	20	4
31	21	3
31	22	1
31	23	10
31	24	8
31	25	9
31	26	2
31	28	2
31	29	7
31	30	1
31	31	10
31	32	1
31	33	1
31	34	4
31	36	5
31	3	7
31	37	7
31	39	5
31	40	3
31	41	6
31	42	3
31	43	3
31	44	2
31	45	8
31	46	4
31	47	5
31	48	1
31	49	10
31	50	10
31	51	5
31	52	8
31	53	4
31	54	4
31	56	1
31	57	6
31	5	8
31	58	1
31	59	4
31	60	4
31	61	8
31	62	1
31	63	1
31	64	6
31	65	5
31	66	7
31	67	6
31	68	3
31	6	9
31	69	10
31	70	6
31	72	8
31	73	3
31	74	4
31	75	9
31	76	5
31	77	7
31	7	8
31	78	3
31	79	2
31	81	1
31	83	6
31	84	1
31	85	1
31	86	9
31	8	7
31	88	1
31	89	10
31	90	7
31	91	10
31	93	4
31	94	2
31	95	1
31	9	6
31	98	1
31	99	4
32	100	1
32	10	9
32	11	6
32	12	4
32	14	10
32	15	1
32	1	6
32	16	4
32	18	2
32	19	5
32	20	1
32	2	10
32	22	8
32	24	4
32	25	6
32	26	1
32	27	4
32	28	2
32	29	10
32	3	1
32	31	10
32	32	10
32	33	1
32	34	9
32	37	3
32	38	3
32	39	1
32	40	7
32	41	7
32	43	5
32	44	5
32	4	5
32	45	7
32	46	9
32	48	10
32	49	1
32	50	7
32	5	1
32	52	6
32	53	10
32	56	6
32	58	4
32	60	2
32	62	3
32	63	10
32	64	3
32	6	5
32	65	7
32	66	4
32	67	7
32	68	2
32	69	5
32	70	8
32	71	10
32	72	7
32	73	10
32	74	5
32	75	1
32	78	8
32	7	9
32	79	2
32	80	6
32	82	7
32	83	9
32	84	6
32	8	5
32	85	3
32	87	6
32	91	9
32	93	2
32	94	4
32	95	8
32	96	2
32	97	8
32	98	9
33	100	4
33	10	10
33	11	6
33	12	1
33	13	3
33	14	4
33	15	3
33	17	10
33	19	6
33	20	6
33	21	8
33	22	5
33	23	7
33	24	4
33	25	6
33	2	6
33	26	8
33	28	4
33	29	9
33	32	9
33	3	3
33	34	4
33	35	2
33	36	6
33	37	2
33	38	1
33	40	6
33	41	1
33	42	8
33	44	1
33	45	10
33	46	10
33	47	10
33	4	8
33	48	10
33	49	9
33	5	10
33	51	8
33	53	5
33	56	10
33	57	7
33	58	7
33	59	8
33	60	1
33	61	1
33	62	7
33	64	9
33	66	1
33	67	9
33	70	8
33	72	7
33	73	10
33	74	9
33	75	8
33	76	6
33	77	5
33	78	10
33	79	4
33	8	1
33	81	9
33	82	1
33	83	7
33	85	6
33	86	10
33	87	8
33	88	8
33	90	1
33	91	3
33	92	3
33	93	6
33	94	4
33	95	2
33	96	1
33	97	1
33	98	7
33	9	9
33	99	3
34	10	4
34	1	1
34	13	2
34	14	9
34	15	8
34	16	9
34	17	3
34	18	7
34	19	10
34	20	5
34	23	5
34	24	4
34	2	5
34	25	2
34	27	3
34	30	4
34	32	8
34	33	5
34	34	5
34	35	10
34	36	5
34	3	7
34	37	3
34	38	3
34	39	7
34	40	7
34	4	10
34	41	4
34	42	10
34	43	8
34	44	8
34	45	10
34	47	4
34	50	7
34	5	10
34	53	8
34	54	1
34	55	10
34	57	1
34	58	7
34	60	3
34	61	3
34	62	8
34	63	6
34	64	5
34	65	9
34	66	8
34	6	7
34	67	2
34	68	3
34	69	5
34	70	7
34	7	10
34	72	6
34	73	9
34	74	2
34	75	6
34	76	7
34	77	3
34	78	6
34	80	7
34	81	9
34	82	4
34	83	8
34	84	10
34	85	2
34	87	6
34	8	8
34	88	1
34	89	2
34	90	7
34	91	2
34	93	7
34	94	9
34	95	9
34	96	8
34	9	7
34	97	8
34	98	4
34	99	8
35	100	3
35	10	2
35	11	10
35	12	6
35	13	5
35	14	4
35	1	6
35	16	3
35	17	6
35	19	9
35	20	5
35	2	1
35	21	1
35	24	6
35	25	8
35	27	7
35	29	3
35	30	3
35	31	8
35	32	8
35	33	8
35	34	1
35	35	1
35	36	9
35	37	5
35	38	8
35	39	6
35	40	2
35	41	8
35	42	4
35	43	1
35	44	6
35	46	7
35	4	7
35	47	9
35	48	6
35	49	4
35	50	1
35	51	9
35	52	2
35	53	5
35	54	1
35	55	8
35	5	6
35	57	7
35	58	3
35	59	6
35	60	3
35	61	6
35	62	8
35	64	10
35	65	3
35	67	7
35	68	10
35	69	6
35	70	2
35	71	9
35	72	4
35	74	10
35	75	4
35	76	8
35	77	9
35	78	10
35	80	2
35	81	4
35	8	2
35	82	2
35	83	1
35	84	3
35	85	10
35	86	9
35	87	1
35	90	8
35	92	7
35	93	5
35	94	2
35	95	7
35	96	3
35	9	7
35	97	6
35	98	1
35	99	2
36	10	9
36	11	3
36	1	3
36	13	9
36	14	5
36	16	2
36	17	3
36	18	5
36	20	3
36	21	8
36	22	5
36	23	8
36	24	10
36	26	8
36	27	8
36	29	2
36	30	6
36	3	10
36	31	1
36	32	8
36	33	6
36	35	2
36	37	6
36	39	4
36	40	9
36	41	3
36	43	2
36	4	4
36	44	4
36	45	5
36	46	4
36	47	10
36	48	7
36	50	5
36	51	2
36	52	8
36	53	9
36	54	10
36	55	5
36	57	5
36	58	7
36	59	7
36	60	6
36	61	8
36	62	10
36	63	3
36	64	7
36	65	9
36	66	7
36	67	3
36	68	10
36	69	7
36	70	10
36	71	6
36	72	10
36	73	6
36	7	4
36	76	3
36	77	9
36	78	8
36	79	9
36	8	10
36	81	5
36	82	6
36	83	9
36	84	8
36	85	8
36	86	1
36	87	1
36	88	6
36	89	3
36	90	3
36	9	10
36	91	4
36	92	3
36	93	6
36	94	2
36	95	10
36	96	1
36	97	9
36	98	2
36	99	10
37	100	2
37	10	3
37	11	1
37	12	6
37	13	4
37	14	8
37	15	10
37	16	5
37	1	7
37	17	7
37	18	9
37	19	10
37	20	8
37	2	10
37	21	10
37	22	9
37	24	9
37	25	8
37	26	4
37	27	6
37	28	8
37	29	5
37	30	2
37	31	4
37	32	5
37	3	3
37	33	6
37	34	4
37	36	7
37	37	5
37	40	8
37	41	2
37	4	2
37	43	10
37	44	9
37	45	7
37	46	3
37	47	1
37	48	2
37	49	6
37	51	2
37	52	3
37	53	8
37	5	5
37	55	1
37	56	4
37	57	9
37	58	10
37	60	5
37	62	4
37	63	3
37	64	9
37	65	6
37	66	7
37	68	3
37	69	2
37	72	3
37	73	3
37	74	5
37	75	7
37	76	4
37	79	2
37	80	8
37	81	9
37	84	9
37	8	5
37	85	3
37	88	8
37	89	10
37	91	3
37	92	7
37	93	8
37	94	4
37	9	5
37	95	9
37	96	2
37	97	3
37	98	2
37	99	3
38	100	3
38	10	5
38	11	9
38	12	10
38	14	3
38	15	10
38	16	7
38	17	5
38	1	8
38	19	2
38	20	4
38	21	4
38	23	10
38	24	1
38	25	1
38	26	10
38	27	4
38	2	8
38	28	7
38	29	9
38	30	4
38	31	5
38	32	9
38	33	3
38	34	3
38	37	4
38	38	7
38	39	9
38	41	4
38	42	1
38	43	4
38	46	6
38	47	8
38	48	3
38	49	7
38	50	1
38	5	10
38	51	8
38	52	1
38	55	4
38	56	5
38	57	2
38	58	8
38	59	9
38	62	4
38	63	9
38	65	7
38	6	6
38	68	8
38	69	9
38	70	10
38	71	5
38	72	6
38	73	5
38	74	1
38	75	4
38	7	7
38	77	5
38	80	7
38	81	10
38	82	6
38	84	1
38	85	6
38	86	7
38	87	4
38	88	7
38	8	9
38	89	10
38	91	4
38	92	6
38	9	3
38	93	2
38	94	10
38	95	4
38	96	2
38	97	7
38	98	8
38	99	10
39	100	7
39	12	8
39	13	8
39	1	6
39	18	6
39	19	3
39	21	1
39	22	6
39	23	4
39	24	9
39	25	4
39	26	5
39	2	7
39	27	3
39	28	3
39	29	3
39	3	1
39	31	2
39	32	9
39	33	10
39	36	6
39	39	5
39	41	8
39	42	3
39	43	10
39	44	8
39	46	5
39	47	2
39	48	1
39	4	9
39	49	10
39	50	9
39	5	10
39	51	2
39	52	7
39	53	4
39	54	10
39	56	1
39	58	7
39	59	5
39	61	6
39	62	5
39	63	5
39	66	6
39	67	10
39	68	8
39	69	8
39	71	10
39	7	2
39	74	5
39	75	6
39	77	10
39	78	4
39	80	6
39	82	1
39	8	3
39	83	8
39	85	1
39	86	5
39	87	4
39	88	9
39	89	10
39	90	4
39	92	10
39	93	10
39	94	1
39	95	2
39	96	3
39	97	7
39	98	7
39	9	9
39	99	4
40	100	8
40	11	8
40	12	2
40	13	7
40	14	2
40	15	5
40	17	10
40	18	3
40	19	3
40	20	2
40	23	8
40	24	5
40	25	7
40	26	8
40	28	3
40	2	9
40	30	9
40	3	4
40	34	8
40	35	5
40	36	7
40	37	6
40	39	1
40	41	5
40	4	3
40	43	10
40	44	7
40	45	8
40	46	10
40	47	6
40	48	8
40	49	3
40	50	8
40	5	1
40	51	2
40	52	7
40	54	5
40	55	5
40	56	9
40	57	8
40	58	9
40	60	8
40	6	10
40	61	4
40	63	2
40	65	6
40	66	2
40	67	1
40	69	4
40	70	4
40	7	10
40	71	10
40	72	3
40	73	9
40	74	2
40	76	7
40	77	9
40	78	5
40	79	1
40	80	9
40	81	7
40	85	5
40	86	6
40	87	1
40	8	8
40	88	6
40	90	9
40	91	9
40	92	9
40	93	9
40	94	5
40	95	10
40	9	6
40	96	2
40	97	3
40	98	7
40	99	4
41	100	5
41	10	9
41	11	9
41	12	4
41	14	7
41	15	4
41	16	4
41	18	5
41	20	4
41	21	6
41	22	1
41	23	6
41	2	4
41	26	1
41	27	10
41	29	10
41	30	9
41	31	5
41	32	2
41	33	5
41	34	4
41	35	10
41	36	1
41	37	9
41	38	2
41	3	9
41	39	1
41	40	10
41	41	7
41	42	8
41	43	6
41	44	10
41	45	8
41	4	7
41	47	9
41	48	7
41	50	4
41	51	10
41	52	9
41	5	3
41	53	3
41	54	1
41	55	9
41	57	4
41	59	7
41	60	5
41	6	10
41	61	3
41	62	4
41	63	8
41	64	10
41	65	9
41	66	10
41	67	5
41	68	7
41	69	7
41	70	1
41	72	2
41	74	10
41	75	8
41	7	6
41	76	8
41	78	1
41	79	6
41	80	10
41	81	6
41	82	7
41	84	10
41	85	2
41	86	7
41	8	7
41	87	9
41	89	2
41	90	2
41	91	9
41	92	6
41	93	7
41	9	4
41	94	6
41	95	4
41	97	7
41	98	5
41	99	6
42	100	2
42	10	10
42	11	4
42	1	2
42	12	6
42	14	5
42	15	8
42	16	3
42	17	1
42	18	10
42	19	10
42	20	7
42	2	1
42	21	5
42	22	5
42	23	1
42	25	8
42	27	2
42	28	3
42	29	2
42	30	1
42	32	7
42	34	6
42	3	5
42	36	4
42	38	4
42	39	9
42	40	9
42	42	5
42	43	6
42	44	5
42	45	1
42	46	8
42	47	7
42	4	9
42	50	8
42	52	4
42	53	2
42	54	7
42	55	2
42	5	6
42	57	6
42	58	6
42	59	6
42	61	5
42	62	8
42	63	5
42	64	8
42	65	9
42	6	6
42	66	10
42	67	7
42	68	8
42	69	3
42	70	8
42	73	9
42	74	8
42	75	6
42	76	8
42	77	2
42	78	3
42	7	9
42	79	1
42	80	3
42	81	5
42	83	7
42	84	2
42	85	1
42	86	6
42	88	4
42	89	3
42	90	1
42	91	6
42	93	3
42	9	4
42	94	4
42	95	7
42	96	2
42	97	8
42	98	10
42	99	3
43	100	7
43	10	3
43	11	9
43	1	3
43	13	8
43	15	2
43	16	9
43	17	8
43	18	1
43	19	8
43	20	6
43	22	5
43	23	10
43	24	6
43	25	10
43	26	4
43	27	4
43	2	8
43	28	6
43	29	10
43	3	2
43	32	2
43	33	2
43	34	3
43	35	8
43	36	10
43	37	4
43	40	4
43	41	2
43	43	6
43	44	2
43	45	2
43	4	8
43	48	6
43	49	2
43	50	9
43	52	9
43	53	1
43	54	9
43	5	5
43	56	10
43	57	7
43	58	10
43	59	8
43	60	2
43	61	3
43	62	8
43	63	5
43	64	1
43	65	10
43	6	6
43	66	4
43	68	10
43	69	3
43	70	1
43	71	2
43	7	2
43	72	1
43	74	2
43	76	5
43	77	9
43	78	5
43	79	5
43	80	8
43	8	10
43	81	2
43	82	4
43	83	8
43	84	4
43	85	4
43	86	6
43	87	3
43	89	1
43	90	5
43	92	6
43	93	8
43	94	9
43	95	2
43	96	10
43	97	5
43	98	6
43	99	5
44	100	5
44	10	4
44	11	4
44	12	2
44	1	3
44	13	7
44	14	1
44	15	8
44	17	2
44	19	1
44	22	9
44	23	4
44	2	4
44	24	8
44	25	7
44	26	9
44	27	9
44	29	5
44	30	10
44	34	8
44	35	2
44	36	7
44	37	7
44	3	9
44	39	10
44	40	3
44	41	1
44	42	3
44	4	3
44	43	10
44	45	10
44	46	8
44	48	4
44	50	8
44	51	10
44	53	5
44	5	4
44	56	10
44	57	8
44	58	4
44	59	5
44	61	3
44	62	5
44	63	8
44	64	1
44	6	5
44	67	2
44	68	10
44	69	4
44	71	1
44	72	6
44	73	6
44	74	7
44	75	10
44	76	9
44	77	7
44	78	5
44	79	2
44	80	2
44	81	10
44	83	10
44	85	3
44	86	4
44	87	8
44	88	9
44	89	9
44	90	10
44	9	1
44	92	10
44	93	8
44	94	1
44	95	10
44	96	5
44	97	10
44	98	3
44	99	7
45	10	7
45	13	9
45	14	1
45	15	8
45	16	4
45	18	9
45	19	3
45	20	9
45	21	7
45	23	10
45	2	4
45	24	10
45	25	3
45	26	9
45	27	5
45	28	9
45	3	10
45	31	9
45	32	2
45	33	10
45	36	7
45	37	4
45	39	10
45	41	7
45	42	5
45	43	2
45	45	10
45	46	8
45	47	3
45	48	7
45	4	9
45	49	5
45	51	2
45	52	5
45	53	5
45	54	6
45	55	4
45	56	7
45	58	6
45	59	9
45	60	6
45	61	10
45	63	5
45	6	5
45	67	3
45	68	2
45	69	7
45	70	2
45	7	10
45	71	8
45	72	8
45	73	5
45	74	7
45	75	4
45	76	1
45	77	1
45	79	2
45	80	10
45	81	9
45	8	2
45	84	4
45	85	1
45	86	2
45	87	4
45	88	8
45	89	9
45	90	6
45	9	10
45	91	2
45	92	10
45	93	7
45	95	10
45	96	10
45	98	7
45	99	1
46	11	2
46	1	2
46	12	4
46	13	3
46	14	1
46	15	1
46	18	4
46	19	10
46	20	5
46	21	5
46	22	9
46	23	10
46	24	2
46	25	1
46	27	6
46	28	9
46	29	5
46	30	1
46	31	10
46	32	7
46	33	5
46	34	2
46	3	6
46	37	4
46	38	6
46	39	5
46	40	10
46	41	9
46	43	6
46	44	3
46	46	9
46	48	4
46	4	9
46	49	9
46	50	3
46	51	9
46	52	4
46	53	8
46	5	4
46	56	5
46	57	10
46	58	9
46	59	1
46	6	10
46	61	6
46	62	6
46	63	5
46	64	10
46	65	2
46	66	5
46	67	6
46	68	9
46	69	2
46	70	1
46	71	7
46	72	3
46	73	5
46	74	9
46	75	10
46	76	10
46	78	3
46	79	7
46	80	4
46	8	1
46	81	7
46	82	8
46	83	4
46	84	5
46	85	2
46	87	9
46	88	1
46	89	1
46	90	9
46	91	2
46	92	6
46	93	1
46	94	4
46	95	5
46	96	4
46	97	1
46	98	5
46	9	9
46	99	5
47	100	10
47	10	7
47	11	1
47	12	8
47	14	4
47	15	5
47	1	6
47	16	8
47	17	1
47	18	1
47	20	7
47	2	1
47	21	8
47	22	9
47	23	9
47	24	2
47	25	1
47	26	6
47	27	4
47	28	2
47	29	6
47	30	7
47	3	1
47	31	6
47	33	10
47	34	5
47	35	4
47	36	3
47	37	5
47	39	5
47	40	2
47	4	10
47	41	6
47	42	3
47	45	1
47	46	1
47	47	3
47	48	8
47	50	1
47	51	5
47	52	3
47	53	3
47	54	10
47	55	7
47	56	2
47	5	8
47	58	10
47	59	9
47	60	10
47	6	1
47	62	4
47	63	2
47	64	5
47	65	2
47	69	6
47	70	9
47	71	8
47	72	9
47	73	6
47	74	10
47	77	1
47	7	8
47	78	10
47	79	4
47	80	7
47	82	5
47	83	2
47	85	8
47	86	10
47	87	4
47	8	8
47	88	6
47	89	6
47	90	10
47	92	9
47	93	4
47	94	6
47	95	9
47	96	4
47	98	6
47	99	9
48	100	10
48	10	8
48	11	6
48	12	7
48	13	1
48	14	8
48	15	2
48	16	6
48	17	8
48	1	8
48	18	8
48	19	3
48	20	1
48	22	9
48	23	3
48	24	6
48	25	10
48	26	4
48	27	4
48	28	3
48	29	7
48	30	7
48	31	7
48	32	5
48	3	3
48	34	10
48	35	8
48	36	10
48	37	6
48	38	4
48	39	2
48	40	10
48	41	4
48	43	7
48	44	8
48	4	5
48	46	1
48	47	9
48	48	9
48	49	10
48	51	4
48	52	10
48	53	9
48	54	9
48	56	7
48	5	9
48	59	6
48	60	4
48	6	1
48	61	8
48	62	9
48	63	7
48	65	5
48	66	6
48	67	2
48	68	3
48	69	8
48	70	2
48	71	5
48	72	6
48	74	6
48	75	2
48	76	4
48	7	7
48	77	10
48	79	7
48	80	6
48	82	2
48	83	5
48	85	6
48	87	8
48	88	9
48	89	3
48	90	6
48	91	7
48	9	3
48	93	1
48	94	8
48	95	3
48	96	8
48	97	10
48	98	6
48	99	5
49	100	6
49	10	8
49	12	3
49	14	8
49	15	9
49	16	8
49	17	10
49	19	9
49	22	4
49	23	2
49	24	4
49	25	8
49	26	7
49	2	7
49	27	5
49	31	6
49	32	2
49	33	10
49	34	8
49	35	7
49	3	7
49	37	6
49	38	1
49	39	8
49	41	5
49	42	3
49	43	8
49	44	4
49	4	5
49	45	6
49	46	6
49	47	3
49	48	6
49	49	9
49	50	9
49	53	8
49	55	3
49	56	10
49	5	7
49	57	9
49	58	2
49	61	1
49	62	9
49	63	2
49	65	10
49	66	10
49	67	8
49	68	1
49	69	10
49	70	4
49	71	1
49	72	4
49	73	4
49	74	6
49	75	3
49	77	7
49	78	8
49	81	5
49	82	2
49	83	3
49	8	4
49	85	9
49	87	3
49	88	7
49	90	6
49	92	3
49	93	5
49	94	8
49	95	3
49	97	3
49	98	3
49	99	7
50	100	2
50	1	1
50	11	7
50	12	9
50	14	9
50	15	7
50	16	6
50	17	4
50	18	2
50	19	6
50	21	10
50	2	2
50	22	7
50	23	5
50	24	3
50	25	3
50	26	4
50	27	6
50	29	7
50	30	3
50	31	3
50	3	2
50	32	9
50	33	4
50	34	6
50	35	1
50	36	1
50	37	1
50	38	1
50	39	9
50	40	4
50	4	1
50	41	2
50	42	9
50	43	5
50	44	7
50	45	1
50	46	9
50	47	6
50	48	2
50	49	7
50	50	10
50	51	5
50	52	2
50	53	10
50	54	2
50	55	2
50	5	7
50	57	3
50	58	9
50	59	7
50	60	4
50	61	5
50	62	4
50	64	8
50	65	2
50	66	1
50	68	4
50	69	4
50	70	5
50	71	1
50	7	2
50	72	10
50	73	10
50	75	4
50	76	3
50	77	5
50	78	3
50	80	8
50	81	4
50	82	9
50	83	6
50	84	9
50	85	8
50	86	10
50	89	5
50	90	3
50	9	1
50	91	1
50	92	10
50	93	10
50	94	1
50	95	5
50	96	10
50	97	5
50	98	9
50	99	8
51	100	8
51	10	9
51	11	5
51	13	7
51	14	8
51	15	4
51	16	7
51	17	6
51	19	5
51	20	3
51	2	1
51	21	5
51	22	2
51	24	5
51	25	10
51	26	5
51	27	4
51	28	2
51	29	4
51	30	7
51	31	2
51	32	1
51	33	9
51	35	1
51	3	6
51	36	10
51	37	5
51	38	7
51	39	1
51	40	6
51	42	3
51	43	4
51	44	8
51	45	8
51	47	7
51	48	6
51	49	8
51	50	5
51	51	1
51	5	2
51	52	1
51	53	10
51	54	2
51	55	7
51	57	8
51	59	1
51	60	8
51	61	6
51	63	1
51	64	1
51	66	8
51	6	7
51	67	2
51	68	8
51	71	7
51	72	4
51	74	10
51	7	5
51	75	9
51	76	10
51	77	6
51	78	5
51	79	1
51	80	1
51	81	3
51	82	2
51	85	3
51	86	4
51	87	2
51	88	2
51	90	2
51	91	4
51	92	3
51	96	9
51	97	8
51	9	8
51	98	8
52	100	5
52	11	5
52	12	7
52	13	6
52	15	8
52	17	3
52	18	7
52	19	3
52	21	5
52	22	5
52	23	9
52	24	6
52	25	3
52	26	10
52	2	7
52	27	1
52	28	2
52	29	8
52	30	8
52	31	9
52	32	3
52	33	8
52	34	3
52	38	10
52	39	9
52	41	2
52	4	2
52	42	5
52	43	10
52	44	6
52	46	5
52	47	1
52	48	7
52	49	8
52	50	8
52	53	2
52	54	4
52	55	5
52	57	5
52	58	9
52	5	9
52	59	7
52	60	2
52	6	1
52	62	4
52	63	5
52	65	5
52	66	8
52	67	2
52	68	5
52	69	7
52	70	8
52	71	8
52	72	6
52	73	6
52	74	10
52	75	1
52	78	5
52	79	6
52	80	6
52	8	1
52	81	3
52	82	2
52	84	8
52	85	2
52	86	3
52	87	9
52	88	10
52	90	3
52	91	8
52	92	9
52	93	10
52	95	1
52	96	1
52	9	7
52	97	2
52	98	8
52	99	10
53	100	8
53	10	8
53	11	9
53	12	10
53	14	10
53	15	9
53	17	5
53	20	8
53	21	3
53	22	6
53	23	6
53	24	1
53	25	5
53	2	9
53	29	9
53	30	6
53	31	9
53	33	7
53	34	3
53	35	9
53	3	6
53	36	7
53	38	7
53	39	1
53	40	6
53	41	3
53	42	7
53	43	9
53	44	5
53	45	1
53	4	6
53	47	6
53	48	6
53	49	2
53	50	4
53	51	2
53	52	8
53	53	8
53	54	7
53	55	2
53	56	5
53	57	5
53	58	8
53	5	9
53	59	5
53	6	3
53	63	3
53	64	7
53	65	7
53	66	4
53	67	8
53	68	6
53	69	4
53	70	5
53	71	5
53	72	5
53	73	3
53	74	6
53	75	7
53	78	8
53	79	7
53	8	1
53	81	3
53	82	9
53	83	1
53	85	2
53	86	4
53	87	6
53	88	8
53	89	4
53	90	4
53	91	10
53	92	1
53	9	3
53	93	5
53	96	3
53	97	3
53	98	9
53	99	7
54	10	1
54	11	9
54	12	6
54	13	4
54	1	4
54	15	2
54	17	6
54	19	4
54	20	4
54	21	10
54	22	10
54	23	2
54	24	10
54	27	7
54	28	3
54	30	5
54	3	10
54	31	9
54	33	5
54	34	3
54	35	10
54	36	9
54	37	8
54	38	3
54	39	10
54	41	5
54	42	9
54	43	3
54	44	4
54	45	3
54	46	1
54	4	7
54	47	10
54	48	8
54	49	5
54	51	8
54	52	1
54	53	7
54	5	4
54	54	9
54	55	4
54	56	5
54	57	7
54	58	8
54	60	10
54	61	9
54	62	1
54	63	3
54	65	2
54	66	6
54	68	1
54	69	3
54	70	3
54	7	3
54	73	1
54	74	9
54	75	8
54	76	4
54	77	4
54	80	6
54	81	3
54	82	7
54	83	2
54	84	4
54	85	2
54	86	2
54	87	3
54	88	3
54	8	9
54	89	10
54	91	3
54	93	1
54	94	2
54	95	4
54	96	9
54	97	1
54	98	8
54	99	8
55	10	10
55	11	7
55	12	2
55	13	10
55	14	6
55	15	1
55	17	2
55	18	1
55	19	8
55	20	4
55	21	7
55	24	9
55	26	8
55	2	7
55	27	2
55	29	2
55	30	2
55	3	1
55	31	5
55	34	8
55	35	7
55	36	3
55	37	5
55	38	2
55	40	6
55	41	10
55	42	8
55	4	3
55	44	5
55	46	2
55	50	1
55	51	4
55	52	2
55	5	3
55	53	8
55	54	6
55	55	2
55	56	4
55	57	4
55	58	6
55	59	7
55	60	5
55	61	3
55	62	9
55	64	2
55	65	4
55	67	6
55	68	8
55	69	10
55	7	10
55	71	7
55	72	5
55	73	7
55	74	6
55	75	9
55	76	5
55	77	1
55	78	6
55	79	8
55	80	10
55	81	9
55	82	8
55	84	1
55	85	3
55	86	7
55	87	10
55	8	8
55	89	5
55	90	7
55	9	10
55	91	4
55	92	3
55	93	9
55	94	6
55	95	3
55	96	7
55	97	7
55	98	5
55	99	1
56	100	2
56	10	5
56	1	2
56	14	9
56	15	8
56	16	9
56	17	6
56	18	4
56	19	4
56	20	1
56	21	1
56	22	10
56	23	6
56	25	2
56	26	6
56	28	2
56	29	1
56	30	8
56	3	1
56	31	7
56	32	4
56	33	7
56	34	5
56	36	9
56	37	1
56	39	6
56	40	1
56	4	10
56	41	4
56	42	8
56	43	5
56	44	2
56	45	3
56	46	2
56	47	7
56	48	6
56	49	9
56	50	10
56	54	9
56	55	8
56	56	7
56	58	9
56	60	10
56	6	10
56	61	8
56	62	3
56	63	2
56	64	5
56	65	9
56	66	2
56	67	3
56	69	8
56	70	1
56	73	9
56	75	9
56	76	9
56	7	7
56	77	4
56	78	5
56	79	10
56	80	5
56	81	3
56	83	2
56	84	1
56	86	5
56	87	10
56	88	7
56	89	10
56	91	6
56	92	10
56	93	10
56	9	4
56	95	5
56	96	3
56	97	1
56	98	2
57	100	3
57	10	9
57	12	3
57	14	2
57	15	1
57	16	9
57	18	5
57	19	6
57	20	4
57	21	10
57	22	6
57	23	6
57	24	8
57	25	2
57	27	1
57	28	10
57	2	9
57	29	3
57	30	10
57	31	1
57	32	3
57	33	9
57	34	10
57	35	2
57	36	1
57	37	6
57	38	1
57	3	9
57	39	3
57	40	5
57	42	1
57	43	9
57	44	9
57	45	9
57	4	7
57	47	6
57	48	6
57	49	1
57	50	10
57	5	10
57	52	8
57	53	7
57	54	9
57	55	8
57	56	4
57	57	3
57	59	9
57	60	4
57	61	2
57	62	6
57	63	5
57	64	1
57	6	5
57	66	5
57	67	2
57	68	1
57	69	2
57	72	7
57	73	3
57	74	7
57	75	1
57	76	9
57	77	4
57	78	10
57	80	10
57	81	2
57	8	2
57	82	2
57	83	3
57	84	10
57	86	1
57	87	7
57	88	7
57	90	10
57	91	9
57	92	5
57	94	9
57	95	10
57	96	8
57	98	2
57	99	7
58	10	4
58	11	7
58	12	2
58	14	9
58	15	6
58	16	3
58	17	6
58	18	1
58	20	2
58	22	4
58	23	4
58	24	9
58	25	4
58	28	4
58	29	10
58	30	5
58	31	8
58	32	10
58	33	8
58	34	7
58	36	1
58	37	10
58	38	5
58	39	4
58	41	8
58	42	10
58	43	5
58	4	4
58	44	2
58	46	4
58	47	4
58	48	9
58	49	7
58	50	10
58	51	4
58	52	6
58	5	3
58	53	1
58	54	2
58	55	3
58	56	8
58	57	3
58	58	2
58	59	4
58	60	8
58	62	7
58	64	4
58	65	7
58	6	6
58	66	7
58	68	10
58	69	2
58	70	8
58	71	10
58	72	2
58	73	5
58	7	4
58	75	3
58	76	3
58	77	10
58	78	5
58	79	8
58	80	2
58	81	8
58	82	7
58	83	6
58	85	1
58	86	1
58	87	9
58	89	5
58	90	8
58	92	6
58	93	1
58	95	3
58	96	6
58	97	7
58	98	1
58	99	1
59	10	1
59	11	4
59	12	1
59	13	1
59	14	3
59	1	6
59	16	1
59	17	1
59	21	1
59	22	10
59	23	3
59	24	9
59	25	8
59	26	4
59	27	9
59	29	3
59	30	7
59	3	1
59	31	7
59	32	3
59	33	1
59	34	7
59	35	5
59	37	3
59	38	2
59	4	10
59	42	5
59	43	6
59	44	4
59	46	1
59	48	6
59	49	3
59	5	1
59	51	1
59	52	2
59	53	2
59	54	9
59	55	8
59	57	4
59	58	5
59	59	7
59	60	4
59	62	9
59	64	1
59	65	8
59	66	2
59	6	7
59	67	2
59	68	2
59	71	3
59	72	5
59	73	8
59	7	4
59	74	7
59	75	2
59	76	2
59	77	8
59	78	7
59	79	1
59	80	10
59	81	5
59	82	1
59	83	7
59	84	9
59	86	4
59	88	1
59	8	9
59	89	5
59	90	6
59	91	3
59	92	5
59	9	3
59	93	1
59	94	4
59	96	6
59	97	1
59	98	3
59	99	3
60	11	10
60	13	9
60	15	3
60	17	8
60	1	8
60	19	4
60	20	7
60	21	4
60	22	6
60	23	4
60	24	6
60	25	10
60	2	6
60	27	2
60	28	2
60	29	2
60	30	7
60	31	6
60	33	6
60	34	2
60	36	9
60	37	2
60	38	8
60	40	5
60	41	7
60	4	2
60	42	5
60	43	9
60	44	10
60	45	1
60	46	1
60	48	8
60	49	4
60	5	1
60	51	5
60	52	5
60	53	7
60	54	8
60	55	3
60	56	8
60	58	6
60	59	2
60	60	2
60	6	1
60	63	3
60	64	10
60	66	5
60	68	2
60	69	6
60	72	6
60	73	7
60	74	5
60	75	8
60	76	1
60	7	7
60	78	2
60	79	2
60	8	10
60	84	9
60	85	5
60	86	6
60	88	10
60	89	9
60	90	3
60	91	4
60	92	7
60	9	3
60	93	4
60	94	2
60	95	2
60	97	5
60	98	9
60	99	10
61	100	8
61	11	5
61	12	7
61	13	9
61	14	9
61	15	6
61	16	7
61	18	1
61	1	9
61	19	2
61	20	10
61	21	6
61	22	5
61	23	8
61	24	7
61	2	5
61	25	8
61	26	3
61	27	1
61	28	7
61	29	2
61	30	8
61	31	6
61	32	7
61	33	2
61	3	4
61	35	5
61	36	2
61	38	9
61	39	1
61	40	4
61	4	10
61	42	7
61	43	5
61	45	3
61	46	1
61	49	8
61	50	1
61	51	6
61	52	8
61	5	3
61	53	10
61	55	8
61	56	6
61	57	3
61	59	2
61	60	1
61	61	2
61	62	6
61	63	1
61	65	10
61	67	8
61	68	10
61	69	10
61	70	10
61	71	5
61	72	2
61	73	5
61	74	9
61	75	2
61	76	3
61	7	7
61	77	9
61	78	2
61	79	7
61	80	3
61	8	10
61	81	10
61	82	6
61	84	7
61	85	8
61	86	6
61	87	4
61	88	1
61	89	2
61	90	4
61	91	8
61	92	5
61	93	3
61	95	6
61	96	10
61	9	7
61	98	8
61	99	7
62	10	4
62	11	4
62	12	2
62	13	8
62	14	3
62	15	8
62	1	6
62	16	10
62	17	4
62	18	8
62	19	10
62	21	10
62	22	5
62	23	3
62	24	6
62	25	5
62	2	6
62	26	1
62	27	8
62	28	8
62	29	9
62	30	4
62	31	3
62	33	1
62	34	5
62	3	6
62	36	7
62	37	4
62	38	3
62	39	7
62	40	10
62	4	1
62	43	10
62	44	5
62	45	5
62	46	6
62	48	6
62	50	8
62	51	2
62	5	3
62	54	4
62	56	10
62	58	6
62	59	6
62	60	1
62	61	10
62	62	5
62	63	9
62	64	1
62	65	4
62	6	6
62	66	6
62	67	9
62	68	6
62	69	3
62	70	9
62	71	5
62	72	3
62	7	4
62	74	7
62	75	5
62	76	8
62	77	10
62	80	1
62	81	6
62	82	8
62	83	10
62	84	4
62	85	3
62	8	6
62	86	7
62	87	6
62	88	7
62	89	10
62	91	3
62	92	7
62	94	4
62	9	5
62	95	8
62	96	3
62	97	7
62	99	3
63	100	2
63	10	1
63	11	5
63	12	7
63	13	5
63	1	4
63	14	10
63	15	9
63	16	5
63	17	5
63	19	10
63	20	2
63	21	2
63	22	7
63	24	10
63	26	3
63	27	7
63	28	3
63	30	9
63	34	2
63	35	6
63	3	6
63	36	8
63	37	5
63	40	4
63	41	8
63	43	4
63	45	10
63	46	10
63	4	7
63	48	5
63	49	7
63	50	9
63	52	6
63	53	4
63	54	6
63	55	6
63	56	2
63	5	7
63	57	4
63	58	10
63	59	10
63	60	5
63	61	8
63	63	1
63	6	4
63	64	9
63	66	7
63	67	4
63	68	4
63	70	10
63	72	5
63	74	6
63	75	7
63	7	6
63	76	2
63	77	5
63	78	5
63	80	3
63	81	3
63	82	10
63	83	10
63	84	8
63	85	5
63	86	10
63	8	8
63	88	1
63	91	4
63	9	3
63	93	1
63	94	7
63	95	1
63	97	5
63	98	7
63	99	4
64	100	10
64	10	10
64	11	9
64	1	2
64	12	6
64	13	6
64	14	7
64	16	5
64	17	6
64	19	3
64	20	7
64	21	9
64	22	2
64	24	2
64	25	10
64	26	5
64	27	6
64	28	10
64	2	9
64	30	3
64	31	2
64	32	6
64	3	3
64	33	6
64	34	1
64	35	7
64	36	8
64	37	9
64	38	9
64	39	6
64	40	4
64	41	9
64	42	9
64	43	3
64	44	2
64	46	3
64	47	1
64	49	1
64	5	10
64	51	8
64	52	5
64	53	1
64	54	8
64	55	10
64	56	4
64	57	8
64	59	4
64	60	8
64	6	10
64	61	4
64	62	10
64	63	2
64	64	2
64	66	3
64	67	10
64	68	6
64	69	3
64	70	6
64	71	4
64	72	8
64	74	2
64	75	8
64	76	3
64	77	4
64	78	9
64	79	6
64	80	9
64	82	1
64	8	3
64	83	1
64	84	3
64	85	5
64	86	7
64	88	8
64	89	10
64	90	7
64	91	4
64	92	2
64	93	9
64	9	4
64	94	2
64	97	1
64	98	8
64	99	4
65	100	3
65	10	4
65	11	2
65	1	3
65	13	5
65	14	8
65	15	2
65	16	1
65	17	8
65	18	6
65	19	9
65	20	2
65	23	9
65	24	3
65	25	5
65	26	9
65	2	7
65	27	3
65	28	3
65	29	5
65	30	2
65	3	1
65	32	5
65	33	2
65	34	5
65	36	1
65	37	1
65	38	5
65	39	4
65	4	10
65	41	9
65	42	5
65	43	9
65	45	7
65	46	1
65	47	1
65	48	5
65	49	4
65	50	6
65	51	5
65	52	4
65	53	10
65	54	6
65	55	6
65	56	6
65	57	4
65	60	4
65	61	3
65	62	2
65	63	2
65	64	7
65	65	4
65	66	7
65	6	9
65	69	8
65	70	5
65	71	8
65	72	10
65	73	6
65	74	2
65	7	5
65	75	4
65	76	4
65	77	5
65	79	5
65	80	1
65	82	10
65	8	4
65	84	3
65	85	3
65	86	10
65	87	7
65	88	7
65	89	2
65	90	5
65	9	1
65	91	7
65	92	10
65	93	1
65	94	4
65	95	2
65	96	3
65	97	7
65	99	8
66	100	2
66	10	9
66	1	10
66	11	9
66	12	7
66	13	2
66	14	3
66	15	4
66	16	1
66	17	6
66	19	9
66	20	9
66	21	4
66	2	2
66	22	1
66	28	9
66	29	6
66	3	1
66	31	4
66	33	10
66	34	2
66	35	5
66	37	5
66	38	8
66	39	7
66	40	5
66	41	2
66	42	7
66	4	3
66	43	2
66	44	5
66	45	9
66	46	4
66	47	8
66	48	5
66	49	2
66	50	10
66	51	8
66	52	3
66	53	8
66	54	3
66	56	5
66	5	7
66	57	2
66	58	7
66	60	8
66	62	10
66	6	3
66	63	2
66	64	3
66	65	2
66	66	4
66	67	2
66	68	9
66	69	8
66	71	1
66	72	3
66	74	10
66	7	5
66	77	6
66	78	7
66	79	2
66	80	9
66	82	9
66	83	10
66	84	9
66	86	5
66	87	1
66	88	7
66	89	4
66	90	8
66	91	1
66	92	7
66	9	3
66	93	5
66	94	4
66	95	10
66	96	3
66	97	3
66	99	2
67	100	4
67	10	9
67	12	6
67	13	3
67	14	7
67	15	4
67	16	2
67	17	5
67	20	7
67	2	1
67	21	5
67	22	9
67	24	9
67	25	6
67	26	5
67	27	5
67	29	2
67	31	8
67	32	5
67	33	5
67	34	6
67	35	10
67	37	7
67	38	9
67	39	7
67	40	7
67	42	9
67	43	5
67	44	3
67	45	10
67	46	2
67	47	9
67	48	5
67	49	2
67	50	9
67	52	4
67	53	8
67	54	9
67	56	8
67	58	4
67	59	10
67	60	10
67	61	9
67	62	4
67	63	10
67	64	9
67	65	4
67	67	1
67	6	8
67	70	7
67	7	1
67	71	5
67	72	3
67	73	7
67	74	4
67	75	7
67	76	1
67	77	6
67	78	2
67	80	2
67	81	8
67	8	2
67	82	1
67	83	9
67	86	1
67	87	7
67	88	7
67	89	3
67	90	4
67	91	3
67	92	1
67	94	2
67	9	5
67	95	6
67	96	9
67	97	8
67	98	3
67	99	2
68	100	6
68	10	6
68	1	1
68	11	3
68	12	10
68	13	9
68	14	6
68	15	9
68	16	4
68	18	9
68	19	9
68	20	1
68	21	6
68	22	9
68	24	5
68	25	4
68	2	6
68	26	10
68	27	6
68	28	3
68	30	3
68	31	4
68	32	8
68	33	5
68	34	5
68	35	1
68	36	7
68	37	9
68	38	8
68	39	5
68	40	7
68	41	2
68	42	7
68	43	3
68	44	7
68	45	3
68	4	6
68	46	7
68	47	6
68	48	4
68	49	9
68	50	2
68	51	8
68	52	3
68	5	4
68	54	10
68	55	10
68	56	7
68	57	7
68	58	9
68	59	1
68	60	1
68	61	9
68	6	2
68	62	9
68	64	8
68	65	9
68	66	7
68	67	9
68	69	5
68	70	9
68	71	2
68	72	7
68	73	4
68	74	8
68	75	4
68	76	9
68	77	6
68	78	7
68	80	10
68	81	10
68	82	8
68	83	6
68	84	5
68	85	5
68	8	7
68	87	5
68	88	8
68	90	8
68	91	10
68	92	1
68	94	6
68	9	5
68	95	8
68	96	10
68	97	8
68	98	4
68	99	5
69	100	10
69	10	10
69	11	2
69	12	7
69	13	10
69	17	2
69	18	10
69	21	2
69	2	2
69	22	7
69	23	5
69	24	9
69	25	9
69	27	9
69	28	2
69	29	2
69	30	10
69	31	4
69	32	10
69	34	6
69	35	8
69	36	3
69	38	9
69	39	2
69	40	3
69	41	3
69	42	9
69	44	4
69	45	5
69	46	5
69	47	7
69	48	8
69	49	9
69	50	3
69	51	2
69	52	9
69	53	3
69	54	8
69	56	5
69	57	1
69	5	8
69	58	4
69	59	3
69	60	6
69	61	6
69	62	8
69	63	9
69	64	5
69	65	3
69	66	8
69	67	7
69	68	4
69	69	10
69	70	2
69	71	3
69	72	6
69	73	5
69	75	5
69	7	6
69	76	7
69	77	5
69	78	5
69	79	4
69	81	9
69	82	2
69	83	8
69	84	6
69	86	3
69	87	9
69	88	8
69	8	9
69	89	5
69	90	4
69	91	10
69	92	7
69	93	9
69	94	5
69	95	1
69	9	6
69	96	4
69	97	3
69	99	5
70	100	4
70	10	9
70	11	3
70	1	2
70	13	7
70	14	6
70	15	4
70	16	3
70	17	10
70	18	7
70	19	2
70	20	6
70	21	9
70	22	9
70	23	5
70	25	4
70	26	5
70	2	7
70	27	10
70	29	2
70	30	8
70	3	1
70	31	7
70	32	5
70	33	2
70	34	1
70	36	9
70	38	4
70	39	6
70	40	5
70	41	9
70	42	2
70	43	2
70	44	7
70	46	1
70	4	7
70	47	4
70	48	1
70	49	7
70	50	9
70	51	10
70	52	1
70	53	7
70	54	10
70	55	1
70	5	6
70	56	5
70	57	9
70	58	2
70	60	10
70	6	1
70	62	8
70	63	7
70	64	7
70	65	10
70	66	1
70	67	7
70	68	6
70	69	8
70	70	8
70	71	8
70	72	7
70	73	6
70	7	5
70	75	3
70	76	9
70	77	9
70	78	7
70	79	6
70	80	2
70	81	10
70	82	10
70	83	10
70	84	5
70	8	5
70	85	7
70	89	8
70	90	3
70	91	10
70	94	9
70	95	3
70	96	3
70	97	10
71	100	6
71	10	7
71	11	6
71	12	10
71	13	3
71	15	6
71	16	10
71	17	1
71	19	10
71	20	5
71	21	8
71	22	5
71	24	9
71	25	4
71	26	1
71	27	10
71	2	8
71	28	6
71	29	8
71	30	6
71	32	10
71	34	9
71	35	10
71	36	6
71	37	7
71	3	9
71	39	1
71	41	5
71	42	1
71	43	10
71	4	4
71	47	4
71	48	6
71	49	4
71	51	8
71	5	2
71	53	2
71	54	5
71	55	9
71	56	10
71	57	6
71	58	1
71	59	3
71	6	10
71	62	3
71	63	2
71	65	9
71	66	3
71	67	5
71	68	8
71	69	6
71	70	5
71	71	7
71	72	8
71	74	3
71	75	2
71	76	7
71	77	7
71	78	2
71	79	6
71	8	10
71	81	10
71	82	4
71	83	8
71	84	8
71	86	4
71	87	10
71	88	7
71	89	7
71	9	2
71	93	6
71	94	9
71	96	7
71	97	9
72	100	5
72	11	6
72	12	1
72	13	6
72	14	4
72	15	8
72	1	7
72	17	2
72	19	2
72	20	3
72	21	1
72	2	2
72	23	6
72	24	7
72	25	4
72	26	2
72	28	2
72	29	5
72	30	8
72	31	7
72	3	2
72	32	5
72	33	5
72	34	6
72	37	5
72	38	1
72	39	2
72	40	6
72	4	10
72	41	8
72	42	7
72	44	9
72	45	4
72	46	10
72	47	7
72	48	1
72	49	4
72	50	7
72	51	5
72	52	9
72	53	7
72	54	7
72	55	1
72	56	8
72	57	3
72	5	8
72	58	10
72	59	10
72	60	7
72	61	10
72	65	6
72	66	8
72	68	1
72	70	9
72	71	10
72	72	4
72	73	1
72	74	2
72	76	6
72	77	10
72	78	7
72	79	7
72	80	5
72	81	3
72	82	9
72	83	6
72	8	4
72	84	8
72	85	9
72	86	5
72	87	9
72	88	9
72	90	1
72	9	1
72	91	8
72	93	7
72	94	3
72	95	4
72	97	10
72	98	10
73	100	8
73	10	10
73	11	3
73	12	6
73	14	1
73	15	5
73	1	8
73	18	5
73	20	3
73	21	2
73	22	2
73	23	4
73	24	1
73	25	10
73	2	6
73	27	6
73	28	10
73	30	6
73	3	10
73	31	2
73	32	9
73	33	10
73	35	8
73	36	8
73	37	4
73	38	10
73	39	10
73	40	1
73	41	9
73	43	1
73	44	6
73	45	4
73	4	6
73	46	2
73	48	8
73	49	5
73	50	10
73	51	7
73	52	7
73	53	9
73	54	9
73	55	5
73	56	9
73	57	4
73	58	5
73	60	8
73	61	7
73	62	10
73	63	7
73	64	9
73	65	9
73	66	10
73	67	5
73	68	6
73	69	6
73	70	1
73	71	5
73	73	1
73	74	10
73	75	6
73	76	2
73	77	10
73	78	10
73	7	9
73	79	7
73	8	10
73	82	2
73	83	10
73	84	3
73	85	7
73	86	3
73	87	3
73	88	6
73	89	5
73	90	4
73	91	10
73	93	8
73	95	7
73	96	8
73	9	8
73	99	9
74	10	9
74	12	8
74	13	2
74	14	3
74	15	2
74	1	6
74	17	3
74	18	3
74	19	3
74	20	4
74	21	7
74	22	7
74	2	4
74	25	10
74	26	6
74	27	10
74	29	9
74	30	1
74	31	7
74	33	8
74	34	9
74	36	2
74	37	5
74	38	6
74	3	9
74	39	5
74	40	1
74	41	6
74	42	8
74	43	10
74	44	8
74	45	10
74	46	1
74	47	4
74	48	5
74	51	6
74	52	4
74	53	10
74	54	9
74	55	9
74	5	6
74	56	9
74	57	10
74	58	4
74	59	5
74	60	3
74	6	10
74	61	5
74	62	7
74	63	2
74	64	5
74	65	7
74	68	7
74	69	8
74	71	7
74	72	6
74	73	3
74	74	3
74	75	8
74	77	9
74	78	9
74	79	5
74	80	1
74	81	7
74	82	6
74	83	7
74	84	5
74	85	2
74	87	7
74	8	8
74	88	1
74	89	10
74	90	8
74	9	1
74	92	7
74	93	3
74	94	7
74	95	6
74	96	7
74	97	6
74	99	1
75	100	10
75	10	2
75	11	2
75	12	1
75	13	10
75	14	3
75	15	9
75	19	4
75	20	9
75	21	10
75	22	3
75	23	10
75	24	2
75	25	8
75	26	10
75	2	7
75	27	8
75	28	10
75	29	2
75	30	6
75	31	4
75	32	6
75	33	1
75	34	3
75	35	4
75	37	5
75	3	8
75	38	6
75	39	5
75	40	8
75	41	7
75	42	5
75	43	5
75	44	6
75	45	7
75	4	6
75	46	2
75	48	6
75	49	4
75	50	8
75	51	1
75	52	6
75	54	10
75	55	8
75	56	9
75	57	4
75	59	7
75	60	1
75	61	1
75	62	5
75	63	4
75	64	7
75	65	3
75	66	6
75	67	3
75	69	7
75	72	7
75	73	7
75	74	3
75	76	4
75	7	7
75	78	8
75	79	4
75	80	3
75	81	6
75	83	4
75	8	5
75	85	9
75	86	1
75	88	9
75	89	4
75	90	2
75	91	10
75	92	9
75	93	9
75	94	1
75	95	5
75	9	6
75	98	9
76	100	10
76	11	1
76	12	2
76	13	1
76	15	8
76	1	6
76	18	9
76	20	3
76	21	3
76	22	2
76	23	4
76	25	4
76	26	2
76	2	7
76	28	7
76	29	8
76	30	1
76	31	7
76	32	7
76	3	3
76	33	2
76	34	7
76	35	5
76	36	2
76	37	4
76	38	4
76	39	7
76	40	6
76	4	10
76	43	8
76	45	10
76	46	9
76	47	6
76	49	6
76	51	4
76	52	10
76	53	1
76	54	5
76	55	6
76	56	6
76	5	7
76	57	8
76	59	3
76	60	8
76	61	7
76	62	3
76	63	10
76	64	9
76	65	2
76	6	6
76	66	7
76	67	5
76	68	3
76	70	6
76	72	10
76	7	3
76	74	3
76	75	1
76	76	1
76	77	2
76	78	9
76	79	1
76	80	4
76	81	2
76	82	1
76	83	5
76	8	4
76	84	10
76	85	1
76	86	5
76	87	1
76	88	3
76	89	10
76	90	4
76	91	9
76	92	4
76	93	8
76	95	9
76	9	6
76	98	7
76	99	3
77	100	2
77	10	6
77	11	10
77	12	3
77	13	4
77	14	1
77	15	4
77	17	8
77	18	8
77	19	7
77	20	1
77	2	1
77	21	2
77	22	5
77	23	8
77	24	10
77	25	5
77	26	1
77	27	6
77	28	1
77	29	8
77	30	8
77	31	9
77	32	2
77	33	7
77	35	4
77	36	1
77	37	8
77	38	4
77	39	2
77	40	2
77	41	6
77	42	3
77	4	3
77	43	4
77	44	7
77	45	2
77	46	9
77	47	6
77	49	7
77	50	6
77	51	5
77	52	6
77	53	3
77	54	1
77	55	9
77	56	7
77	5	7
77	57	3
77	58	5
77	59	2
77	60	9
77	62	8
77	63	9
77	64	10
77	65	3
77	6	6
77	66	5
77	67	8
77	69	1
77	70	7
77	71	8
77	7	2
77	72	9
77	73	5
77	74	2
77	75	10
77	76	7
77	78	10
77	79	7
77	80	7
77	82	5
77	83	6
77	84	9
77	85	2
77	8	6
77	86	3
77	87	10
77	90	9
77	91	6
77	9	2
77	92	5
77	93	9
77	94	3
77	95	10
77	96	5
77	97	9
77	98	3
77	99	10
78	100	10
78	10	1
78	11	6
78	12	6
78	13	2
78	14	10
78	1	5
78	16	1
78	17	5
78	18	9
78	19	2
78	20	4
78	22	3
78	23	3
78	2	6
78	26	10
78	27	3
78	28	10
78	29	6
78	30	1
78	31	3
78	32	7
78	33	7
78	34	2
78	35	1
78	36	1
78	37	6
78	38	10
78	39	6
78	40	6
78	41	5
78	43	7
78	44	10
78	47	3
78	48	1
78	49	6
78	50	9
78	51	5
78	52	10
78	53	8
78	54	9
78	56	6
78	57	7
78	58	8
78	59	2
78	60	6
78	61	4
78	63	1
78	6	4
78	66	2
78	67	6
78	70	6
78	71	4
78	7	2
78	72	2
78	73	3
78	74	5
78	75	1
78	76	4
78	77	8
78	78	9
78	79	2
78	80	2
78	81	6
78	82	4
78	83	10
78	84	2
78	86	8
78	88	1
78	8	9
78	89	1
78	90	7
78	91	2
78	93	10
78	94	5
78	95	5
78	96	6
78	97	8
78	9	8
79	10	8
79	11	5
79	12	5
79	13	1
79	14	1
79	16	4
79	18	10
79	19	5
79	21	8
79	22	4
79	23	4
79	24	1
79	2	5
79	25	7
79	26	7
79	28	2
79	29	2
79	30	6
79	31	7
79	32	7
79	33	3
79	34	10
79	35	3
79	36	4
79	37	7
79	38	10
79	39	1
79	40	5
79	41	1
79	4	2
79	42	9
79	43	5
79	44	7
79	46	10
79	48	7
79	49	8
79	50	9
79	51	4
79	52	3
79	53	1
79	54	10
79	55	2
79	56	7
79	57	8
79	58	1
79	60	5
79	62	7
79	63	10
79	64	8
79	65	10
79	66	10
79	67	10
79	68	10
79	71	6
79	72	1
79	73	8
79	7	4
79	74	8
79	75	1
79	76	8
79	77	10
79	79	10
79	80	9
79	8	1
79	81	7
79	82	5
79	84	7
79	86	4
79	87	6
79	88	7
79	91	5
79	92	10
79	93	5
79	94	3
79	95	1
79	96	4
79	97	9
79	99	3
80	100	6
80	10	8
80	1	10
80	11	5
80	12	4
80	15	3
80	16	10
80	17	3
80	18	1
80	19	6
80	20	2
80	21	3
80	22	6
80	23	1
80	2	4
80	24	8
80	26	6
80	27	4
80	28	1
80	30	10
80	31	5
80	32	10
80	33	8
80	34	3
80	3	5
80	35	5
80	36	4
80	37	3
80	4	10
80	41	9
80	42	7
80	43	3
80	44	5
80	45	3
80	46	4
80	48	1
80	49	2
80	50	2
80	51	3
80	5	2
80	52	8
80	53	7
80	54	10
80	55	2
80	56	6
80	57	8
80	58	1
80	59	6
80	60	1
80	61	1
80	62	7
80	63	3
80	64	2
80	65	8
80	66	6
80	67	2
80	69	4
80	70	7
80	71	7
80	72	9
80	73	7
80	74	2
80	75	3
80	7	6
80	76	1
80	77	9
80	78	5
80	79	10
80	81	8
80	82	5
80	83	9
80	84	10
80	86	8
80	8	7
80	87	2
80	89	2
80	91	9
80	92	9
80	93	3
80	9	4
80	94	7
80	95	6
80	96	4
80	97	3
80	98	2
80	99	5
81	100	3
81	12	5
81	15	4
81	16	5
81	1	7
81	18	3
81	19	4
81	20	4
81	2	1
81	21	2
81	23	4
81	24	8
81	26	8
81	27	7
81	29	4
81	31	5
81	3	2
81	32	3
81	33	4
81	34	9
81	35	2
81	36	7
81	38	7
81	40	4
81	41	1
81	42	1
81	4	3
81	43	4
81	44	4
81	45	1
81	46	6
81	47	2
81	48	6
81	49	9
81	50	5
81	51	3
81	5	2
81	52	8
81	53	5
81	55	9
81	56	8
81	57	8
81	59	8
81	60	10
81	61	5
81	62	9
81	63	10
81	64	10
81	6	5
81	65	4
81	66	3
81	68	2
81	69	1
81	70	10
81	71	6
81	72	4
81	73	8
81	74	6
81	7	6
81	76	8
81	77	8
81	78	7
81	79	10
81	80	7
81	81	6
81	82	8
81	83	2
81	8	5
81	86	9
81	87	9
81	88	7
81	89	3
81	90	6
81	93	1
81	94	1
81	95	2
81	96	3
81	97	10
81	98	4
81	99	2
82	10	6
82	11	8
82	12	2
82	13	10
82	14	6
82	15	8
82	1	6
82	16	6
82	17	9
82	18	7
82	20	1
82	22	8
82	23	7
82	24	7
82	2	7
82	27	7
82	28	5
82	29	4
82	31	9
82	32	4
82	34	7
82	35	3
82	36	2
82	37	8
82	38	9
82	39	10
82	40	4
82	42	8
82	43	5
82	44	10
82	45	9
82	4	6
82	46	8
82	47	6
82	48	5
82	49	8
82	50	5
82	51	6
82	52	2
82	54	2
82	55	1
82	56	2
82	57	2
82	58	4
82	5	9
82	59	10
82	60	9
82	62	10
82	63	10
82	64	9
82	65	10
82	6	7
82	67	9
82	68	9
82	69	6
82	70	10
82	71	6
82	72	9
82	73	6
82	74	3
82	75	5
82	76	4
82	77	7
82	78	8
82	7	9
82	79	10
82	80	5
82	81	8
82	82	9
82	83	6
82	85	4
82	88	7
82	8	9
82	89	10
82	90	5
82	91	8
82	92	6
82	93	10
82	94	7
82	95	2
82	9	8
82	98	1
82	99	3
83	100	6
83	10	9
83	11	5
83	12	9
83	16	4
83	1	7
83	17	9
83	18	6
83	19	3
83	20	9
83	21	1
83	22	9
83	24	5
83	25	3
83	26	3
83	27	3
83	29	10
83	30	3
83	31	3
83	32	3
83	3	3
83	33	10
83	35	1
83	36	9
83	37	4
83	38	7
83	39	2
83	40	1
83	41	5
83	42	3
83	43	10
83	44	1
83	4	5
83	46	7
83	47	8
83	48	6
83	49	10
83	51	2
83	52	2
83	53	2
83	54	4
83	5	5
83	57	1
83	58	2
83	59	3
83	60	10
83	61	4
83	62	4
83	63	5
83	64	5
83	65	5
83	66	5
83	6	7
83	67	1
83	70	3
83	71	10
83	72	1
83	73	9
83	74	1
83	75	6
83	76	10
83	78	9
83	79	8
83	80	10
83	8	10
83	82	2
83	84	8
83	85	5
83	86	6
83	87	9
83	88	3
83	89	5
83	90	7
83	9	1
83	91	6
83	92	8
83	93	10
83	94	1
83	95	4
83	97	9
83	98	4
83	99	7
84	100	2
84	10	6
84	1	10
84	11	8
84	12	8
84	13	2
84	14	4
84	15	6
84	16	8
84	17	10
84	19	6
84	20	1
84	2	10
84	21	4
84	22	5
84	23	2
84	24	4
84	25	2
84	26	8
84	27	8
84	28	4
84	30	4
84	32	4
84	33	6
84	34	2
84	35	4
84	36	10
84	37	10
84	3	8
84	38	7
84	39	5
84	40	10
84	42	5
84	43	1
84	45	3
84	47	5
84	48	3
84	50	1
84	51	8
84	52	10
84	53	7
84	55	1
84	56	3
84	57	9
84	58	4
84	5	9
84	60	9
84	61	8
84	62	4
84	64	5
84	67	4
84	68	8
84	69	9
84	70	9
84	71	1
84	72	3
84	73	9
84	74	3
84	75	2
84	77	2
84	7	8
84	78	10
84	79	5
84	80	1
84	8	1
84	81	9
84	82	2
84	83	8
84	84	4
84	85	10
84	86	9
84	87	7
84	88	2
84	89	7
84	90	5
84	91	10
84	92	1
84	93	3
84	94	4
84	95	8
84	96	10
84	9	7
84	98	7
84	99	1
85	100	9
85	10	9
85	11	5
85	1	2
85	12	5
85	13	3
85	14	10
85	15	1
85	17	10
85	18	6
85	19	10
85	20	7
85	2	2
85	22	9
85	24	7
85	25	10
85	26	3
85	27	6
85	29	1
85	3	10
85	32	1
85	34	6
85	36	1
85	37	9
85	39	6
85	40	2
85	41	1
85	42	2
85	4	3
85	43	4
85	44	5
85	45	3
85	48	9
85	49	9
85	50	1
85	51	9
85	52	2
85	5	3
85	53	8
85	54	4
85	55	10
85	57	2
85	58	10
85	59	2
85	60	4
85	61	5
85	6	3
85	63	2
85	64	1
85	65	8
85	66	8
85	67	3
85	68	1
85	69	1
85	70	1
85	71	8
85	72	8
85	74	5
85	75	6
85	76	1
85	77	10
85	78	10
85	79	9
85	80	7
85	81	4
85	82	1
85	83	5
85	8	4
85	84	9
85	85	7
85	86	6
85	87	6
85	88	6
85	89	7
85	90	7
85	91	6
85	9	3
85	93	6
85	95	4
85	96	9
85	97	9
85	98	6
85	99	3
86	100	10
86	10	1
86	11	1
86	12	6
86	13	6
86	14	6
86	15	6
86	16	3
86	17	9
86	18	1
86	1	9
86	19	7
86	20	2
86	2	10
86	21	5
86	22	4
86	23	8
86	24	1
86	25	4
86	26	2
86	27	7
86	28	4
86	31	4
86	3	2
86	32	4
86	33	5
86	34	4
86	35	4
86	36	9
86	37	10
86	38	6
86	39	9
86	40	10
86	41	2
86	42	9
86	45	8
86	47	5
86	48	8
86	4	9
86	50	5
86	51	7
86	52	10
86	53	3
86	54	4
86	5	5
86	55	9
86	56	7
86	57	10
86	58	10
86	59	4
86	61	10
86	62	6
86	63	2
86	64	5
86	65	3
86	66	5
86	68	7
86	69	2
86	70	5
86	71	8
86	74	1
86	76	4
86	77	2
86	78	4
86	79	6
86	80	1
86	8	1
86	81	3
86	83	9
86	84	7
86	86	8
86	88	10
86	89	10
86	90	4
86	91	2
86	92	10
86	93	5
86	94	5
86	95	5
86	9	6
86	96	7
86	98	9
87	10	1
87	12	2
87	13	4
87	14	3
87	15	9
87	1	6
87	16	2
87	17	5
87	19	2
87	20	9
87	21	1
87	22	4
87	24	7
87	25	1
87	26	4
87	27	4
87	2	8
87	29	3
87	30	2
87	31	5
87	32	4
87	33	10
87	3	4
87	35	5
87	36	7
87	38	8
87	39	1
87	40	7
87	41	10
87	42	2
87	43	5
87	44	6
87	45	3
87	46	8
87	47	2
87	4	8
87	48	4
87	49	8
87	50	2
87	5	1
87	51	6
87	53	4
87	54	2
87	55	7
87	56	8
87	57	9
87	58	10
87	60	8
87	63	1
87	64	6
87	65	5
87	6	6
87	68	8
87	69	3
87	70	4
87	72	2
87	73	10
87	74	6
87	75	7
87	76	5
87	78	9
87	79	10
87	80	6
87	8	1
87	81	10
87	82	5
87	83	2
87	84	10
87	85	1
87	86	7
87	87	1
87	88	10
87	89	6
87	91	10
87	92	8
87	93	10
87	9	4
87	94	9
87	96	9
87	98	5
87	99	5
88	100	5
88	10	10
88	1	1
88	11	9
88	12	2
88	13	7
88	17	1
88	18	5
88	19	7
88	20	10
88	21	5
88	22	5
88	23	2
88	2	4
88	24	9
88	25	8
88	26	2
88	28	10
88	29	4
88	30	4
88	31	3
88	32	7
88	35	3
88	36	1
88	37	2
88	38	7
88	39	6
88	40	4
88	41	4
88	44	2
88	46	7
88	4	7
88	47	1
88	48	6
88	49	1
88	50	6
88	5	10
88	51	5
88	52	8
88	53	10
88	54	1
88	56	6
88	58	7
88	60	1
88	61	7
88	62	1
88	65	6
88	66	1
88	6	7
88	67	8
88	68	9
88	69	3
88	70	10
88	71	5
88	72	6
88	73	6
88	74	10
88	75	6
88	76	5
88	7	7
88	77	7
88	78	9
88	80	3
88	81	10
88	8	2
88	83	4
88	85	7
88	86	7
88	87	3
88	88	7
88	89	7
88	90	1
88	91	7
88	92	4
88	93	9
88	9	4
88	94	10
88	95	6
88	96	7
88	98	10
88	99	4
89	100	9
89	10	10
89	1	10
89	11	5
89	12	7
89	13	9
89	14	4
89	15	10
89	16	1
89	18	6
89	19	4
89	20	8
89	21	10
89	22	6
89	2	3
89	23	9
89	24	7
89	25	7
89	26	7
89	28	8
89	29	5
89	30	6
89	3	10
89	31	6
89	32	9
89	33	4
89	34	2
89	37	5
89	38	1
89	39	10
89	40	5
89	41	9
89	4	2
89	42	2
89	43	4
89	45	4
89	47	4
89	48	6
89	49	8
89	50	10
89	51	1
89	5	2
89	53	7
89	54	4
89	55	5
89	56	1
89	57	6
89	59	1
89	61	1
89	62	7
89	63	3
89	64	9
89	65	9
89	66	6
89	68	6
89	6	9
89	69	3
89	70	1
89	72	3
89	73	3
89	74	10
89	76	1
89	77	4
89	7	8
89	78	9
89	80	4
89	81	4
89	83	4
89	84	2
89	85	7
89	8	6
89	86	6
89	87	6
89	88	5
89	89	9
89	90	8
89	9	10
89	91	6
89	92	3
89	93	2
89	94	1
89	96	8
89	97	4
89	99	3
90	10	10
90	12	1
90	13	7
90	14	3
90	15	6
90	16	9
90	17	3
90	18	5
90	19	8
90	20	6
90	21	6
90	22	8
90	23	3
90	24	7
90	26	10
90	27	6
90	28	9
90	29	9
90	30	7
90	31	4
90	32	8
90	34	10
90	35	10
90	36	9
90	37	1
90	3	8
90	39	7
90	41	6
90	42	1
90	43	6
90	4	4
90	44	2
90	45	4
90	46	8
90	47	9
90	48	2
90	50	9
90	51	2
90	53	2
90	54	3
90	55	8
90	56	10
90	5	7
90	57	6
90	58	9
90	59	5
90	61	9
90	62	6
90	63	4
90	6	4
90	64	6
90	65	2
90	66	8
90	67	3
90	68	10
90	69	4
90	7	10
90	71	2
90	72	4
90	73	2
90	74	5
90	75	10
90	76	6
90	77	1
90	78	9
90	79	6
90	8	1
90	81	5
90	82	8
90	83	3
90	84	7
90	85	8
90	86	5
90	88	4
90	89	4
90	90	8
90	91	2
90	92	6
90	94	7
90	95	5
90	96	3
90	97	3
90	98	1
90	9	9
90	99	4
91	100	4
91	10	5
91	11	2
91	12	3
91	13	5
91	14	3
91	15	10
91	16	3
91	1	7
91	17	10
91	18	4
91	19	9
91	20	2
91	21	7
91	22	1
91	23	2
91	2	4
91	24	3
91	25	4
91	26	9
91	27	7
91	28	6
91	29	6
91	30	10
91	31	3
91	32	10
91	3	3
91	33	4
91	35	10
91	36	9
91	37	6
91	38	8
91	39	1
91	40	7
91	42	10
91	43	3
91	44	4
91	45	5
91	46	5
91	47	6
91	48	7
91	49	10
91	51	6
91	52	3
91	53	4
91	54	8
91	55	4
91	56	4
91	57	3
91	58	4
91	60	2
91	6	1
91	61	2
91	62	5
91	63	10
91	64	8
91	65	10
91	66	9
91	67	10
91	68	2
91	69	10
91	71	6
91	72	8
91	75	1
91	7	6
91	81	4
91	82	5
91	83	8
91	84	7
91	85	9
91	86	1
91	87	2
91	90	10
91	91	8
91	92	10
91	93	9
91	94	3
91	95	6
91	96	1
91	97	3
91	98	6
91	9	9
91	99	9
92	100	10
92	10	3
92	11	6
92	12	4
92	1	3
92	13	4
92	14	10
92	15	5
92	16	1
92	18	9
92	19	5
92	20	6
92	22	6
92	23	7
92	24	3
92	25	7
92	26	10
92	27	8
92	28	3
92	29	10
92	30	2
92	31	1
92	32	4
92	33	3
92	34	6
92	35	10
92	36	8
92	37	8
92	3	8
92	38	1
92	39	6
92	40	5
92	41	6
92	42	8
92	4	4
92	44	5
92	45	1
92	46	8
92	47	1
92	48	9
92	49	8
92	50	4
92	51	1
92	52	8
92	55	1
92	57	4
92	58	8
92	60	4
92	62	4
92	63	3
92	64	7
92	65	5
92	66	1
92	67	6
92	68	4
92	6	9
92	69	9
92	70	2
92	71	10
92	74	2
92	75	6
92	77	6
92	78	8
92	80	2
92	8	1
92	81	6
92	82	6
92	84	5
92	85	3
92	86	9
92	87	7
92	88	1
92	89	7
92	90	3
92	9	10
92	93	9
92	94	10
92	96	9
92	97	8
92	98	5
92	99	4
93	10	7
93	11	1
93	12	10
93	13	5
93	14	10
93	15	5
93	17	3
93	18	8
93	19	3
93	20	2
93	2	1
93	21	2
93	22	9
93	23	8
93	24	6
93	25	9
93	26	9
93	27	1
93	28	8
93	29	10
93	31	6
93	32	7
93	34	10
93	35	4
93	36	4
93	37	4
93	38	8
93	39	1
93	40	7
93	4	10
93	41	8
93	44	2
93	45	8
93	46	9
93	47	4
93	48	3
93	49	3
93	50	3
93	5	10
93	52	3
93	53	3
93	54	6
93	55	9
93	56	8
93	57	5
93	58	8
93	59	9
93	60	10
93	61	4
93	62	2
93	63	2
93	64	6
93	6	5
93	65	5
93	66	3
93	67	8
93	68	10
93	69	10
93	71	4
93	72	4
93	73	8
93	74	1
93	75	9
93	76	3
93	78	2
93	79	3
93	80	1
93	81	3
93	82	7
93	8	3
93	83	10
93	84	3
93	85	9
93	86	2
93	87	10
93	88	10
93	89	9
93	90	1
93	91	5
93	92	9
93	93	6
93	9	6
93	96	8
93	97	10
93	98	4
93	99	1
94	100	4
94	10	10
94	1	3
94	13	10
94	14	9
94	15	7
94	16	5
94	17	9
94	18	4
94	19	3
94	20	10
94	21	9
94	23	7
94	24	8
94	26	1
94	27	5
94	28	10
94	30	4
94	31	9
94	32	6
94	35	8
94	36	1
94	37	4
94	38	5
94	3	9
94	39	4
94	40	1
94	41	9
94	42	5
94	45	9
94	46	9
94	47	1
94	48	6
94	49	6
94	52	2
94	54	2
94	55	6
94	57	4
94	5	8
94	58	3
94	59	10
94	60	9
94	61	8
94	62	9
94	63	10
94	6	4
94	64	9
94	66	5
94	69	2
94	70	9
94	72	6
94	73	4
94	74	3
94	75	2
94	76	4
94	79	1
94	80	9
94	8	1
94	81	3
94	82	10
94	83	4
94	84	4
94	86	5
94	88	6
94	89	3
94	91	1
94	9	2
94	92	6
94	93	5
94	94	3
94	96	9
94	97	4
94	98	6
94	99	2
95	10	10
95	1	1
95	11	3
95	12	5
95	15	5
95	16	7
95	19	5
95	20	10
95	21	4
95	23	7
95	24	9
95	25	5
95	27	6
95	29	5
95	31	7
95	33	2
95	35	9
95	36	10
95	37	3
95	38	6
95	39	8
95	40	8
95	41	2
95	42	5
95	44	4
95	45	7
95	46	7
95	47	5
95	48	6
95	49	1
95	50	2
95	52	9
95	53	8
95	54	4
95	55	7
95	56	7
95	5	7
95	58	5
95	59	3
95	60	4
95	6	1
95	63	7
95	64	1
95	66	8
95	67	9
95	68	2
95	70	1
95	72	7
95	73	9
95	74	3
95	75	7
95	77	1
95	78	3
95	79	4
95	81	2
95	83	3
95	85	6
95	8	6
95	87	5
95	89	2
95	90	5
95	9	1
95	92	10
95	93	4
95	94	5
95	97	8
95	98	3
95	99	6
96	100	6
96	11	10
96	12	5
96	13	8
96	14	5
96	15	1
96	16	6
96	17	6
96	19	6
96	20	3
96	21	3
96	22	7
96	23	7
96	24	5
96	2	5
96	25	7
96	27	3
96	28	3
96	29	2
96	3	10
96	31	7
96	32	10
96	33	8
96	34	7
96	35	5
96	36	9
96	37	8
96	39	2
96	40	4
96	41	3
96	4	2
96	43	9
96	44	2
96	45	7
96	46	9
96	48	1
96	49	7
96	50	8
96	51	6
96	52	8
96	53	10
96	54	5
96	57	1
96	58	6
96	59	5
96	60	3
96	61	1
96	62	2
96	63	9
96	64	4
96	66	5
96	67	2
96	6	8
96	68	4
96	69	4
96	70	2
96	71	2
96	72	10
96	73	2
96	74	1
96	75	8
96	76	10
96	77	5
96	78	8
96	79	5
96	8	10
96	81	6
96	82	1
96	83	4
96	84	1
96	85	4
96	86	9
96	87	1
96	89	7
96	90	7
96	91	1
96	92	6
96	9	3
96	94	2
96	96	2
96	97	2
96	98	10
96	99	8
97	100	9
97	11	7
97	1	2
97	12	3
97	13	2
97	15	8
97	16	10
97	17	6
97	18	9
97	19	1
97	20	6
97	21	4
97	2	2
97	22	1
97	23	6
97	24	8
97	25	2
97	27	9
97	28	9
97	29	2
97	30	6
97	3	1
97	31	2
97	32	9
97	33	6
97	34	3
97	35	7
97	37	2
97	40	7
97	42	7
97	43	9
97	44	10
97	45	4
97	46	3
97	47	2
97	48	9
97	50	10
97	5	10
97	52	6
97	53	2
97	54	10
97	55	1
97	56	1
97	57	2
97	58	1
97	59	6
97	60	7
97	61	6
97	62	9
97	63	9
97	6	4
97	65	1
97	66	5
97	68	5
97	70	5
97	71	4
97	72	4
97	73	1
97	7	4
97	74	3
97	75	6
97	77	8
97	78	3
97	80	4
97	81	2
97	8	2
97	83	1
97	84	7
97	85	9
97	86	10
97	87	5
97	88	10
97	89	8
97	90	8
97	9	10
97	91	6
97	92	8
97	93	9
97	94	10
97	95	4
97	96	7
97	97	4
97	98	8
97	99	2
98	10	2
98	11	7
98	12	5
98	1	3
98	13	9
98	14	8
98	15	1
98	16	1
98	18	10
98	19	7
98	20	3
98	22	1
98	25	9
98	2	6
98	26	6
98	27	6
98	29	6
98	30	5
98	3	10
98	31	5
98	32	8
98	34	4
98	35	1
98	36	6
98	37	9
98	38	5
98	39	2
98	40	1
98	42	6
98	43	2
98	44	5
98	45	8
98	46	9
98	47	3
98	4	8
98	49	8
98	50	3
98	51	5
98	52	6
98	53	3
98	54	1
98	55	1
98	56	4
98	57	1
98	5	8
98	59	9
98	62	8
98	65	5
98	66	6
98	67	10
98	69	3
98	7	1
98	71	4
98	72	10
98	73	2
98	74	7
98	75	1
98	76	8
98	77	4
98	78	8
98	79	10
98	80	2
98	81	10
98	82	7
98	83	10
98	84	3
98	85	2
98	86	6
98	87	4
98	88	10
98	89	9
98	90	10
98	91	1
98	92	6
98	93	7
98	9	4
98	97	9
98	98	2
98	99	5
99	100	8
99	10	6
99	11	10
99	13	9
99	14	3
99	15	6
99	16	8
99	19	7
99	20	10
99	2	10
99	21	7
99	22	6
99	23	6
99	24	8
99	25	3
99	26	3
99	28	4
99	30	5
99	3	10
99	31	7
99	32	1
99	33	2
99	34	6
99	35	3
99	36	3
99	38	6
99	40	4
99	41	6
99	42	6
99	4	3
99	43	4
99	44	1
99	45	4
99	46	9
99	48	6
99	50	2
99	51	7
99	52	1
99	53	8
99	54	10
99	55	3
99	56	5
99	57	10
99	58	5
99	60	2
99	6	10
99	61	9
99	63	1
99	64	5
99	65	9
99	66	5
99	67	6
99	68	10
99	69	6
99	70	2
99	71	3
99	72	5
99	73	10
99	74	8
99	75	3
99	76	3
99	77	7
99	78	6
99	79	6
99	80	2
99	8	1
99	81	9
99	82	3
99	83	3
99	84	5
99	85	1
99	86	3
99	87	5
99	88	10
99	89	3
99	90	5
99	91	3
99	92	6
99	93	7
99	94	4
99	9	5
99	97	8
99	98	10
99	99	4
100	10	3
100	11	2
100	12	10
100	14	9
100	15	8
100	1	7
100	17	6
100	18	8
100	19	8
100	20	2
100	22	3
100	23	4
100	24	6
100	25	9
100	26	8
100	27	9
100	28	9
100	29	5
100	30	2
100	31	4
100	32	10
100	33	5
100	3	4
100	34	2
100	35	4
100	36	1
100	37	4
100	38	8
100	39	5
100	40	3
100	42	6
100	44	8
100	45	2
100	46	7
100	47	9
100	49	5
100	51	7
100	52	4
100	53	5
100	54	2
100	5	5
100	56	1
100	57	4
100	58	5
100	59	2
100	61	5
100	62	9
100	63	8
100	64	3
100	65	1
100	66	7
100	67	1
100	68	1
100	69	5
100	70	1
100	72	1
100	73	9
100	74	10
100	7	5
100	75	10
100	76	8
100	77	8
100	79	1
100	80	7
100	82	3
100	83	9
100	84	7
100	86	1
100	8	7
100	89	7
100	90	8
100	9	4
100	94	9
100	95	2
100	96	5
100	97	2
100	98	10
